###############################################################
# Settings:
# de.lmu.ifi.dbs.elki.workflow.InputStep
# -db StaticArrayDatabase
# 
# de.lmu.ifi.dbs.elki.database.StaticArrayDatabase
# -dbc FileBasedDatabaseConnection
# 
# de.lmu.ifi.dbs.elki.datasource.FileBasedDatabaseConnection
# -dbc.in /Users/BOX/Desktop/OS/Zproj/zAnalysis/Analysis_2/cluster/hd/KW.csv
# -dbc.parser DoubleVectorLabelParser
# 
# de.lmu.ifi.dbs.elki.datasource.parser.DoubleVectorLabelParser
# -parser.colsep \s+
# -parser.quote "
# -parser.labelIndices [unset]
# 
# de.lmu.ifi.dbs.elki.datasource.FileBasedDatabaseConnection
# -dbc.filter [unset]
# 
# de.lmu.ifi.dbs.elki.database.StaticArrayDatabase
# -db.index [unset]
# 
# de.lmu.ifi.dbs.elki.workflow.AlgorithmStep
# -algorithm clustering.KMeans
# 
# de.lmu.ifi.dbs.elki.algorithm.clustering.KMeans
# -algorithm.distancefunction EuclideanDistanceFunction
# -kmeans.k 6
# -kmeans.maxiter 0
# -kmeans.seed [unset]
# 
# de.lmu.ifi.dbs.elki.workflow.EvaluationStep
# -evaluator [unset]
###############################################################
# Cluster: Cluster 0
# Serialization class: de.lmu.ifi.dbs.elki.data.model.MeanModel
# Cluster Mean: 162.7499259259258 206.1352592592593
ID=15 173.86 205.85 (1,420)
ID=17 173.86 203.47 (1,480)
ID=48 171.38 207.44 (1,1410)
ID=49 171.38 203.47 (1,1440)
ID=50 161.44 207.44 (1,1470)
ID=51 161.44 208.24 (1,1500)
ID=53 161.44 206.65 (1,1560)
ID=54 161.44 209.03 (1,1590)
ID=55 161.44 207.44 (1,1620)
ID=56 161.44 206.65 (1,1650)
ID=57 161.44 208.24 (1,1680)
ID=59 163.93 209.83 (1,1740)
ID=60 163.93 208.24 (1,1770)
ID=64 163.93 205.85 (1,1890)
ID=66 163.93 202.67 (1,1950)
ID=67 163.93 204.26 (1,1980)
ID=68 163.93 203.47 (1,2010)
ID=69 161.44 205.06 (1,2040)
ID=70 161.44 202.67 (1,2070)
ID=71 161.44 205.06 (1,2100)
ID=72 161.44 203.47 (1,2130)
ID=73 161.44 203.47 (1,2160)
ID=74 161.44 203.47 (1,2190)
ID=75 161.44 209.03 (1,2220)
ID=76 161.44 209.83 (1,2250)
ID=77 161.44 208.24 (1,2280)
ID=78 161.44 209.83 (1,2310)
ID=80 163.93 201.88 (1,2370)
ID=81 163.93 203.47 (1,2400)
ID=82 163.93 202.67 (1,2430)
ID=83 163.93 201.88 (1,2460)
ID=84 163.93 201.88 (1,2490)
ID=85 163.93 204.26 (1,2520)
ID=86 163.93 201.88 (1,2550)
ID=87 163.93 201.09 (1,2580)
ID=98 163.93 209.83 (1,2910)
ID=102 163.93 207.44 (1,3030)
ID=105 163.93 209.83 (1,3120)
ID=110 161.44 205.06 (2,90)
ID=111 161.44 208.24 (2,120)
ID=116 161.44 204.26 (2,270)
ID=118 161.44 209.03 (2,330)
ID=119 161.44 205.85 (2,360)
ID=120 163.93 205.85 (2,390)
ID=122 163.93 207.44 (2,450)
ID=123 163.93 207.44 (2,480)
ID=124 163.93 209.03 (2,510)
ID=125 163.93 209.03 (2,540)
ID=128 163.93 206.65 (2,630)
ID=129 163.93 209.83 (2,660)
ID=130 163.93 207.44 (2,690)
ID=131 163.93 205.85 (2,720)
ID=132 163.93 205.85 (2,750)
ID=133 163.93 201.88 (2,780)
ID=136 163.93 204.26 (2,870)
ID=137 163.93 203.47 (2,900)
ID=138 163.93 209.03 (2,930)
ID=140 161.44 209.03 (2,990)
ID=141 161.44 206.65 (2,1020)
ID=143 161.44 208.24 (2,1080)
ID=146 161.44 207.44 (2,1170)
ID=148 161.44 202.67 (2,1230)
ID=149 161.44 203.47 (2,1260)
ID=150 163.93 204.26 (2,1290)
ID=151 163.93 209.83 (2,1320)
ID=152 163.93 209.83 (2,1350)
ID=153 163.93 204.26 (2,1380)
ID=154 163.93 204.26 (2,1410)
ID=156 163.93 201.88 (2,1470)
ID=157 163.93 201.88 (2,1500)
ID=160 163.93 201.88 (2,1590)
ID=162 163.93 204.26 (2,1650)
ID=163 163.93 204.26 (2,1680)
ID=164 163.93 204.26 (2,1710)
ID=165 163.93 204.26 (2,1740)
ID=166 163.93 207.44 (2,1770)
ID=168 163.93 209.83 (2,1830)
ID=169 163.93 209.03 (2,1860)
ID=170 163.93 209.03 (2,1890)
ID=172 163.93 206.65 (2,1950)
ID=173 163.93 206.65 (2,1980)
ID=175 163.93 209.83 (2,2040)
ID=185 168.9 209.03 (2,2340)
ID=186 168.9 205.85 (2,2370)
ID=192 163.93 209.03 (2,2550)
ID=193 163.93 209.03 (2,2580)
ID=194 163.93 202.67 (2,2610)
ID=195 163.93 203.47 (2,2640)
ID=196 163.93 207.44 (2,2670)
ID=197 163.93 201.09 (2,2700)
ID=204 163.93 203.47 (2,2910)
ID=205 163.93 208.24 (2,2940)
ID=206 163.93 202.67 (2,2970)
ID=207 163.93 202.67 (2,3000)
ID=208 163.93 204.26 (2,3030)
ID=212 166.41 207.44 (2,3150)
ID=213 166.41 205.06 (3,0)
ID=214 166.41 202.67 (3,30)
ID=216 161.44 204.26 (3,90)
ID=217 161.44 207.44 (3,120)
ID=219 161.44 204.26 (3,180)
ID=220 161.44 205.85 (3,210)
ID=221 161.44 208.24 (3,240)
ID=223 161.44 204.26 (3,300)
ID=224 161.44 206.65 (3,330)
ID=225 161.44 209.03 (3,360)
ID=226 161.44 205.06 (3,390)
ID=227 161.44 205.06 (3,420)
ID=228 161.44 209.03 (3,450)
ID=229 161.44 205.06 (3,480)
ID=230 161.44 208.24 (3,510)
ID=231 161.44 209.03 (3,540)
ID=232 161.44 209.03 (3,570)
ID=233 161.44 209.03 (3,600)
ID=240 161.44 205.06 (3,810)
ID=241 161.44 203.47 (3,840)
ID=243 161.44 202.67 (3,900)
ID=244 161.44 202.67 (3,930)
ID=247 158.96 208.24 (3,1020)
ID=251 158.96 205.85 (3,1140)
ID=262 158.96 203.47 (3,1470)
ID=263 158.96 209.03 (3,1500)
ID=266 158.96 205.06 (3,1590)
ID=267 158.96 208.24 (3,1620)
ID=268 158.96 210.62 (3,1650)
ID=269 158.96 205.85 (3,1680)
ID=270 158.96 207.44 (3,1710)
ID=272 158.96 205.06 (3,1770)
ID=275 158.96 209.83 (3,1860)
ID=277 158.96 209.83 (3,1920)
ID=278 158.96 208.24 (3,1950)
ID=279 158.96 208.24 (3,1980)
ID=310 156.48 208.24 (3,2910)
ID=312 156.48 208.24 (3,2970)
ID=313 156.48 208.24 (3,3000)
###############################################################
