0 74.00 0.00 0.00 77.00 0.00 66.00 0.00 0.00 67.00 0.00 65.00 0.00 0.00 65.00 0.00
30 74.00 0.00 0.00 77.00 0.00 66.00 0.00 0.00 67.00 0.00 65.00 0.00 0.00 65.00 0.00
60 73.00 0.00 0.00 76.00 0.00 65.00 0.00 0.00 68.00 0.00 65.00 0.00 0.00 65.00 0.00
90 73.00 0.00 0.00 75.00 0.00 65.00 0.00 0.00 67.00 0.00 65.00 0.00 0.00 67.00 0.00
120 72.00 0.00 0.00 73.00 0.00 65.00 0.00 0.00 68.00 0.00 65.00 0.00 0.00 66.00 0.00
150 72.00 0.00 0.00 72.00 0.00 65.00 0.00 0.00 67.00 0.00 65.00 0.00 0.00 66.00 0.00
180 72.00 0.00 0.00 72.00 0.00 65.00 0.00 0.00 67.00 0.00 65.00 0.00 0.00 67.00 0.00
210 72.00 0.00 0.00 73.00 0.00 66.00 0.00 0.00 68.00 0.00 66.00 0.00 0.00 67.00 0.00
240 70.00 0.00 0.00 71.00 0.00 66.00 0.00 0.00 68.00 0.00 66.00 0.00 0.00 68.00 0.00
270 70.00 0.00 0.00 69.00 0.00 66.00 0.00 0.00 67.00 0.00 66.00 0.00 0.00 67.00 0.00
300 70.00 0.00 0.00 70.00 0.00 66.00 0.00 0.00 68.00 0.00 65.00 0.00 0.00 67.00 0.00
330 70.00 0.00 0.00 70.00 0.00 65.00 0.00 0.00 66.00 0.00 65.00 0.00 0.00 68.00 0.00
360 69.00 0.00 0.00 71.00 0.00 65.00 0.00 0.00 65.00 0.00 65.00 0.00 0.00 68.00 0.00
390 68.00 0.00 0.00 70.00 0.00 66.00 0.00 0.00 65.00 0.00 65.00 0.00 0.00 67.00 0.00
420 68.00 0.00 0.00 66.00 0.00 66.00 0.00 0.00 65.00 0.00 65.00 0.00 0.00 67.00 0.00
450 68.00 0.00 0.00 67.00 0.00 66.00 0.00 0.00 67.00 0.00 65.00 0.00 0.00 67.00 0.00
480 68.00 0.00 0.00 67.00 0.00 66.00 0.00 0.00 67.00 0.00 66.00 0.00 0.00 68.00 0.00
510 67.00 0.00 0.00 67.00 0.00 66.00 0.00 0.00 68.00 0.00 66.00 0.00 0.00 67.00 0.00
540 67.00 0.00 0.00 68.00 0.00 66.00 0.00 0.00 68.00 0.00 66.00 0.00 0.00 65.00 0.00
570 67.00 0.00 0.00 69.00 0.00 66.00 0.00 0.00 68.00 0.00 66.00 0.00 0.00 65.00 0.00
600 67.00 0.00 0.00 68.00 0.00 66.00 0.00 0.00 68.00 0.00 66.00 0.00 0.00 65.00 0.00
630 68.00 0.00 0.00 68.00 0.00 66.00 0.00 0.00 68.00 0.00 66.00 0.00 0.00 63.00 0.00
660 68.00 0.00 0.00 68.00 0.00 66.00 0.00 0.00 68.00 0.00 66.00 0.00 0.00 63.00 0.00
690 68.00 0.00 0.00 68.00 0.00 66.00 0.00 0.00 67.00 0.00 66.00 0.00 0.00 63.00 0.00
720 68.00 0.00 0.00 70.00 0.00 66.00 0.00 0.00 65.00 0.00 65.00 0.00 0.00 63.00 0.00
750 69.00 0.00 0.00 70.00 0.00 66.00 0.00 0.00 65.00 0.00 65.00 0.00 0.00 63.00 0.00
780 69.00 0.00 0.00 71.00 0.00 65.00 0.00 0.00 64.00 0.00 64.00 0.00 0.00 64.00 0.00
810 69.00 0.00 0.00 69.00 0.00 65.00 0.00 0.00 64.00 0.00 64.00 0.00 0.00 65.00 0.00
840 69.00 0.00 0.00 70.00 0.00 64.00 0.00 0.00 64.00 0.00 64.00 0.00 0.00 64.00 0.00
870 70.00 0.00 0.00 71.00 0.00 64.00 0.00 0.00 65.00 0.00 63.00 0.00 0.00 64.00 0.00
900 70.00 0.00 0.00 70.00 0.00 65.00 0.00 0.00 65.00 0.00 63.00 0.00 0.00 64.00 0.00
930 70.00 0.00 0.00 71.00 0.00 65.00 0.00 0.00 66.00 0.00 64.00 0.00 0.00 64.00 0.00
960 70.00 0.00 0.00 70.00 0.00 65.00 0.00 0.00 65.00 0.00 64.00 0.00 0.00 67.00 0.00
990 70.00 0.00 0.00 70.00 0.00 65.00 0.00 0.00 66.00 0.00 64.00 0.00 0.00 68.00 0.00
1020 69.00 0.00 0.00 72.00 0.00 65.00 0.00 0.00 66.00 0.00 64.00 0.00 0.00 66.00 0.00
1050 69.00 0.00 0.00 71.00 0.00 65.00 0.00 0.00 66.00 0.00 63.00 0.00 0.00 65.00 0.00
1080 69.00 0.00 0.00 72.00 0.00 65.00 0.00 0.00 67.00 0.00 63.00 0.00 0.00 65.00 0.00
1110 69.00 0.00 0.00 72.00 0.00 65.00 0.00 0.00 67.00 0.00 63.00 0.00 0.00 64.00 0.00
1140 69.00 0.00 0.00 72.00 0.00 65.00 0.00 0.00 66.00 0.00 63.00 0.00 0.00 64.00 0.00
1170 69.00 0.00 0.00 72.00 0.00 66.00 0.00 0.00 66.00 0.00 63.00 0.00 0.00 66.00 0.00
1200 68.00 0.00 0.00 72.00 0.00 66.00 0.00 0.00 65.00 0.00 63.00 0.00 0.00 64.00 0.00
1230 68.00 0.00 0.00 71.00 0.00 66.00 0.00 0.00 65.00 0.00 64.00 0.00 0.00 65.00 0.00
1260 68.00 0.00 0.00 70.00 0.00 66.00 0.00 0.00 65.00 0.00 64.00 0.00 0.00 64.00 0.00
1290 68.00 0.00 0.00 69.00 0.00 67.00 0.00 0.00 66.00 0.00 64.00 0.00 0.00 67.00 0.00
1320 67.00 0.00 0.00 70.00 0.00 67.00 0.00 0.00 67.00 0.00 64.00 0.00 0.00 66.00 0.00
1350 67.00 0.00 0.00 67.00 0.00 67.00 0.00 0.00 67.00 0.00 64.00 0.00 0.00 66.00 0.00
1380 66.00 0.00 0.00 67.00 0.00 66.00 0.00 0.00 65.00 0.00 65.00 0.00 0.00 64.00 0.00
1410 65.00 0.00 0.00 66.00 0.00 66.00 0.00 0.00 65.00 0.00 65.00 0.00 0.00 67.00 0.00
1440 65.00 0.00 0.00 66.00 0.00 66.00 0.00 0.00 64.00 0.00 64.00 0.00 0.00 67.00 0.00
1470 66.00 0.00 0.00 67.00 0.00 66.00 0.00 0.00 65.00 0.00 64.00 0.00 0.00 67.00 0.00
1500 66.00 0.00 0.00 66.00 0.00 66.00 0.00 0.00 65.00 0.00 64.00 0.00 0.00 66.00 0.00
1530 65.00 0.00 0.00 67.00 0.00 66.00 0.00 0.00 66.00 0.00 64.00 0.00 0.00 67.00 0.00
1560 65.00 0.00 0.00 67.00 0.00 65.00 0.00 0.00 66.00 0.00 64.00 0.00 0.00 67.00 0.00
1590 66.00 0.00 0.00 67.00 0.00 65.00 0.00 0.00 66.00 0.00 64.00 0.00 0.00 65.00 0.00
1620 66.00 0.00 0.00 67.00 0.00 65.00 0.00 0.00 64.00 0.00 64.00 0.00 0.00 66.00 0.00
1650 65.00 0.00 0.00 65.00 0.00 65.00 0.00 0.00 64.00 0.00 64.00 0.00 0.00 65.00 0.00
1680 65.00 0.00 0.00 66.00 0.00 66.00 0.00 0.00 68.00 0.00 64.00 0.00 0.00 66.00 0.00
1710 66.00 0.00 0.00 65.00 0.00 66.00 0.00 0.00 68.00 0.00 64.00 0.00 0.00 69.00 0.00
1740 66.00 0.00 0.00 66.00 0.00 65.00 0.00 0.00 67.00 0.00 65.00 0.00 0.00 69.00 0.00
1770 66.00 0.00 0.00 66.00 0.00 65.00 0.00 0.00 68.00 0.00 64.00 0.00 0.00 68.00 0.00
1800 66.00 0.00 0.00 69.00 0.00 65.00 0.00 0.00 67.00 0.00 64.00 0.00 0.00 69.00 0.00
1830 66.00 0.00 0.00 69.00 0.00 65.00 0.00 0.00 67.00 0.00 64.00 0.00 0.00 68.00 0.00
1860 66.00 0.00 0.00 66.00 0.00 66.00 0.00 0.00 68.00 0.00 64.00 0.00 0.00 67.00 0.00
1890 66.00 0.00 0.00 64.00 0.00 66.00 0.00 0.00 68.00 0.00 64.00 0.00 0.00 67.00 0.00
1920 66.00 0.00 0.00 65.00 0.00 66.00 0.00 0.00 68.00 0.00 64.00 0.00 0.00 67.00 0.00
1950 66.00 0.00 0.00 64.00 0.00 66.00 0.00 0.00 67.00 0.00 64.00 0.00 0.00 66.00 0.00
1980 66.00 0.00 0.00 65.00 0.00 66.00 0.00 0.00 67.00 0.00 64.00 0.00 0.00 66.00 0.00
2010 66.00 0.00 0.00 64.00 0.00 66.00 0.00 0.00 69.00 0.00 64.00 0.00 0.00 64.00 0.00
2040 65.00 0.00 0.00 65.00 0.00 67.00 0.00 0.00 68.00 0.00 64.00 0.00 0.00 64.00 0.00
2070 65.00 0.00 0.00 64.00 0.00 67.00 0.00 0.00 69.00 0.00 64.00 0.00 0.00 64.00 0.00
2100 65.00 0.00 0.00 65.00 0.00 67.00 0.00 0.00 70.00 0.00 64.00 0.00 0.00 62.00 0.00
2130 65.00 0.00 0.00 64.00 0.00 68.00 0.00 0.00 72.00 0.00 64.00 0.00 0.00 64.00 0.00
2160 66.00 0.00 0.00 66.00 0.00 68.00 0.00 0.00 69.00 0.00 64.00 0.00 0.00 64.00 0.00
2190 66.00 0.00 0.00 66.00 0.00 68.00 0.00 0.00 71.00 0.00 63.00 0.00 0.00 64.00 0.00
2220 66.00 0.00 0.00 65.00 0.00 68.00 0.00 0.00 71.00 0.00 63.00 0.00 0.00 64.00 0.00
2250 65.00 0.00 0.00 68.00 0.00 66.00 0.00 0.00 69.00 0.00 63.00 0.00 0.00 64.00 0.00
2280 65.00 0.00 0.00 67.00 0.00 66.00 0.00 0.00 69.00 0.00 62.00 0.00 0.00 64.00 0.00
2310 66.00 0.00 0.00 65.00 0.00 67.00 0.00 0.00 69.00 0.00 62.00 0.00 0.00 64.00 0.00
2340 66.00 0.00 0.00 65.00 0.00 67.00 0.00 0.00 68.00 0.00 61.00 0.00 0.00 64.00 0.00
2370 65.00 0.00 0.00 65.00 0.00 66.00 0.00 0.00 68.00 0.00 61.00 0.00 0.00 64.00 0.00
2400 65.00 0.00 0.00 65.00 0.00 66.00 0.00 0.00 67.00 0.00 62.00 0.00 0.00 61.00 0.00
2430 65.00 0.00 0.00 67.00 0.00 66.00 0.00 0.00 68.00 0.00 62.00 0.00 0.00 62.00 0.00
2460 65.00 0.00 0.00 67.00 0.00 66.00 0.00 0.00 69.00 0.00 62.00 0.00 0.00 64.00 0.00
2490 65.00 0.00 0.00 67.00 0.00 66.00 0.00 0.00 67.00 0.00 62.00 0.00 0.00 64.00 0.00
2520 65.00 0.00 0.00 66.00 0.00 66.00 0.00 0.00 68.00 0.00 62.00 0.00 0.00 65.00 0.00
2550 66.00 0.00 0.00 66.00 0.00 66.00 0.00 0.00 66.00 0.00 62.00 0.00 0.00 65.00 0.00
2580 66.00 0.00 0.00 66.00 0.00 65.00 0.00 0.00 66.00 0.00 63.00 0.00 0.00 65.00 0.00
2610 66.00 0.00 0.00 69.00 0.00 65.00 0.00 0.00 64.00 0.00 63.00 0.00 0.00 65.00 0.00
2640 66.00 0.00 0.00 69.00 0.00 65.00 0.00 0.00 66.00 0.00 63.00 0.00 0.00 66.00 0.00
2670 66.00 0.00 0.00 69.00 0.00 65.00 0.00 0.00 66.00 0.00 63.00 0.00 0.00 65.00 0.00
2700 66.00 0.00 0.00 68.00 0.00 65.00 0.00 0.00 66.00 0.00 63.00 0.00 0.00 62.00 0.00
2730 66.00 0.00 0.00 66.00 0.00 65.00 0.00 0.00 68.00 0.00 63.00 0.00 0.00 63.00 0.00
2760 65.00 0.00 0.00 64.00 0.00 65.00 0.00 0.00 71.00 0.00 62.00 0.00 0.00 62.00 0.00
2790 65.00 0.00 0.00 61.00 0.00 65.00 0.00 0.00 71.00 0.00 63.00 0.00 0.00 64.00 0.00
2820 66.00 0.00 0.00 62.00 0.00 66.00 0.00 0.00 71.00 0.00 63.00 0.00 0.00 67.00 0.00
2850 66.00 0.00 0.00 64.00 0.00 66.00 0.00 0.00 70.00 0.00 63.00 0.00 0.00 67.00 0.00
2880 66.00 0.00 0.00 65.00 0.00 66.00 0.00 0.00 69.00 0.00 63.00 0.00 0.00 65.00 0.00
2910 66.00 0.00 0.00 69.00 0.00 66.00 0.00 0.00 66.00 0.00 63.00 0.00 0.00 65.00 0.00
2940 67.00 0.00 0.00 69.00 0.00 66.00 0.00 0.00 66.00 0.00 63.00 0.00 0.00 66.00 0.00
2970 67.00 0.00 0.00 68.00 0.00 67.00 0.00 0.00 64.00 0.00 64.00 0.00 0.00 66.00 0.00
3000 68.00 0.00 0.00 67.00 0.00 67.00 0.00 0.00 64.00 0.00 64.00 0.00 0.00 66.00 0.00
3030 68.00 0.00 0.00 68.00 0.00 67.00 0.00 0.00 66.00 0.00 63.00 0.00 0.00 64.00 0.00
3060 68.00 0.00 0.00 69.00 0.00 68.00 0.00 0.00 69.00 0.00 63.00 0.00 0.00 64.00 0.00
3090 68.00 0.00 0.00 70.00 0.00 68.00 0.00 0.00 69.00 0.00 63.00 0.00 0.00 62.00 0.00
3120 67.00 0.00 0.00 68.00 0.00 66.00 0.00 0.00 68.00 0.00 63.00 0.00 0.00 62.00 0.00
3150 67.00 0.00 0.00 69.00 0.00 66.00 0.00 0.00 66.00 0.00 63.00 0.00 0.00 61.00 0.00
