0 421.94 146.70 284.33 292.65 430.46 473.45 524.77 475.64 435.29 150.64 294.22 302.89 441.19 484.57 537.84 489.98 442.16 152.35 298.47 307.30 445.75 489.43 543.53 496.12
10 421.94 146.70 284.33 292.65 430.46 473.45 524.77 475.64 435.29 150.64 294.22 302.89 441.19 484.57 537.84 489.98 442.16 152.35 298.47 307.30 445.75 489.43 543.53 496.12
20 421.94 146.70 284.33 292.65 430.46 473.45 524.77 475.64 435.29 150.64 294.22 302.89 441.19 484.57 537.84 489.98 442.16 152.35 298.47 307.30 445.75 489.43 543.53 496.12
30 421.94 146.70 284.33 292.65 430.46 473.45 524.77 475.64 435.29 150.64 294.22 302.89 441.19 484.57 537.84 489.98 442.16 152.35 298.47 307.30 445.75 489.43 543.53 496.12
40 421.94 146.70 284.33 292.65 430.46 473.45 524.77 475.64 435.29 150.64 294.22 302.89 441.19 484.57 537.84 489.98 442.16 152.35 298.47 307.30 445.75 489.43 543.53 496.12
50 421.94 146.70 284.33 292.65 430.46 473.45 524.77 475.64 435.29 150.64 294.22 302.89 441.19 484.57 537.84 489.98 442.16 152.35 298.47 307.30 445.75 489.43 543.53 496.12
60 421.94 146.70 284.33 292.65 430.46 473.45 524.77 475.64 435.29 150.64 294.22 302.89 441.19 484.57 537.84 489.98 442.16 152.35 298.47 307.30 445.75 489.43 543.53 496.12
70 421.94 146.70 284.33 292.65 430.46 473.45 524.77 475.64 435.29 150.64 294.22 302.89 441.19 484.57 537.84 489.98 442.16 152.35 298.47 307.30 445.75 489.43 543.53 496.12
80 421.94 146.70 284.33 292.65 430.46 473.45 524.77 475.64 435.29 150.64 294.22 302.89 441.19 484.57 537.84 489.98 442.16 152.35 298.47 307.30 445.75 489.43 543.53 496.12
90 421.94 146.70 284.33 292.65 430.46 473.45 524.77 475.64 435.29 150.64 294.22 302.89 441.19 484.57 537.84 489.98 442.16 152.35 298.47 307.30 445.75 489.43 543.53 496.12
100 421.94 146.70 284.33 292.65 430.46 473.45 524.77 475.64 435.29 150.64 294.22 302.89 441.19 484.57 537.84 489.98 442.16 152.35 298.47 307.30 445.75 489.43 543.53 496.12
110 421.94 146.70 284.33 292.65 430.46 473.45 524.77 475.64 435.29 150.64 294.22 302.89 441.19 484.57 537.84 489.98 442.16 152.35 298.47 307.30 445.75 489.43 543.53 496.12
120 421.94 146.70 284.33 292.65 430.46 473.45 524.77 475.64 435.29 150.64 294.22 302.89 441.19 484.57 537.84 489.98 442.16 152.35 298.47 307.30 445.75 489.43 543.53 496.12
130 421.94 146.70 284.33 292.65 430.46 473.45 524.77 475.64 435.29 150.64 294.22 302.89 441.19 484.57 537.84 489.98 442.16 152.35 298.47 307.30 445.75 489.43 543.53 496.12
140 421.94 146.70 284.33 292.65 430.46 473.45 524.77 475.64 435.29 150.64 294.22 302.89 441.19 484.57 537.84 489.98 442.16 152.35 298.47 307.30 445.75 489.43 543.53 496.12
150 421.94 146.70 284.33 292.65 430.46 473.45 524.77 475.64 435.29 150.64 294.22 302.89 441.19 484.57 537.84 489.98 442.16 152.35 298.47 307.30 445.75 489.43 543.53 496.12
160 421.94 146.70 284.33 292.65 430.46 473.45 524.77 475.64 435.29 150.64 294.22 302.89 441.19 484.57 537.84 489.98 442.16 152.35 298.47 307.30 445.75 489.43 543.53 496.12
170 421.94 146.70 284.33 292.65 430.46 473.45 524.77 475.64 435.29 150.64 294.22 302.89 441.19 484.57 537.84 489.98 442.16 152.35 298.47 307.30 445.75 489.43 543.53 496.12
180 421.94 146.70 284.33 292.65 430.46 473.45 524.77 475.64 435.29 150.64 294.22 302.89 441.19 484.57 537.84 489.98 442.16 152.35 298.47 307.30 445.75 489.43 543.53 496.12
190 421.94 146.70 284.33 292.65 430.46 473.45 524.77 475.64 435.29 150.64 294.22 302.89 441.19 484.57 537.84 489.98 442.16 152.35 298.47 307.30 445.75 489.43 543.53 496.12
200 421.94 146.70 284.33 292.65 430.46 473.45 524.77 475.64 435.29 150.64 294.22 302.89 441.19 484.57 537.84 489.98 442.16 152.35 298.47 307.30 445.75 489.43 543.53 496.12
210 421.94 146.70 284.33 292.65 430.46 473.45 524.77 475.64 435.29 150.64 294.22 302.89 441.19 484.57 537.84 489.98 442.16 152.35 298.47 307.30 445.75 489.43 543.53 496.12
220 421.94 146.70 284.33 292.65 430.46 473.45 524.77 475.64 435.29 150.64 294.22 302.89 441.19 484.57 537.84 489.98 442.16 152.35 298.47 307.30 445.75 489.43 543.53 496.12
230 421.94 146.70 284.33 292.65 430.46 473.45 524.77 475.64 435.29 150.64 294.22 302.89 441.19 484.57 537.84 489.98 442.16 152.35 298.47 307.30 445.75 489.43 543.53 496.12
240 421.94 146.70 284.33 292.65 430.46 473.45 524.77 475.64 435.29 150.64 294.22 302.89 441.19 484.57 537.84 489.98 442.16 152.35 298.47 307.30 445.75 489.43 543.53 496.12
250 421.94 146.70 284.33 292.65 430.46 473.45 524.77 475.64 435.29 150.64 294.22 302.89 441.19 484.57 537.84 489.98 442.16 152.35 298.47 307.30 445.75 489.43 543.53 496.12
260 421.94 146.70 284.33 292.65 430.46 473.45 524.77 475.64 435.29 150.64 294.22 302.89 441.19 484.57 537.84 489.98 442.16 152.35 298.47 307.30 445.75 489.43 543.53 496.12
270 421.94 146.70 284.33 292.65 430.46 473.45 524.77 475.64 435.29 150.64 294.22 302.89 441.19 484.57 537.84 489.98 442.16 152.35 298.47 307.30 445.75 489.43 543.53 496.12
280 421.94 146.70 284.33 292.65 430.46 473.45 524.77 475.64 435.29 150.64 294.22 302.89 441.19 484.57 537.84 489.98 442.16 152.35 298.47 307.30 445.75 489.43 543.53 496.12
290 421.94 146.70 284.33 292.65 430.46 473.45 524.77 475.64 435.29 150.64 294.22 302.89 441.19 484.57 537.84 489.98 442.16 152.35 298.47 307.30 445.75 489.43 543.53 496.12
300 421.94 146.70 284.33 292.65 430.46 473.45 524.77 475.64 435.29 150.64 294.22 302.89 441.19 484.57 537.84 489.98 442.16 152.35 298.47 307.30 445.75 489.43 543.53 496.12
310 421.94 146.70 284.33 292.65 430.46 473.45 524.77 475.64 435.29 150.64 294.22 302.89 441.19 484.57 537.84 489.98 442.16 152.35 298.47 307.30 445.75 489.43 543.53 496.12
320 421.94 146.70 284.33 292.65 430.46 473.45 524.77 475.64 435.29 150.64 294.22 302.89 441.19 484.57 537.84 489.98 442.16 152.35 298.47 307.30 445.75 489.43 543.53 496.12
330 421.94 146.70 284.33 292.65 430.46 473.45 524.77 475.64 435.29 150.64 294.22 302.89 441.19 484.57 537.84 489.98 442.16 152.35 298.47 307.30 445.75 489.43 543.53 496.12
340 421.94 146.70 284.33 292.65 430.46 473.45 524.77 475.64 435.29 150.64 294.22 302.89 441.19 484.57 537.84 489.98 442.16 152.35 298.47 307.30 445.75 489.43 543.53 496.12
350 421.94 146.70 284.33 292.65 430.46 473.45 524.77 475.64 435.29 150.64 294.22 302.89 441.19 484.57 537.84 489.98 442.16 152.35 298.47 307.30 445.75 489.43 543.53 496.12
360 421.94 146.70 284.33 292.65 430.46 473.45 524.77 475.64 435.29 150.64 294.22 302.89 441.19 484.57 537.84 489.98 442.16 152.35 298.47 307.30 445.75 489.43 543.53 496.12
370 421.94 146.70 284.33 292.65 430.46 473.45 524.77 475.64 435.29 150.64 294.22 302.89 441.19 484.57 537.84 489.98 442.16 152.35 298.47 307.30 445.75 489.43 543.53 496.12
380 421.94 146.70 284.33 292.65 430.46 473.45 524.77 475.64 435.29 150.64 294.22 302.89 441.19 484.57 537.84 489.98 442.16 152.35 298.47 307.30 445.75 489.43 543.53 496.12
390 421.94 146.70 284.33 292.65 430.46 473.45 524.77 475.64 435.29 150.64 294.22 302.89 441.19 484.57 537.84 489.98 442.16 152.35 298.47 307.30 445.75 489.43 543.53 496.12
400 421.94 146.70 284.33 292.65 430.46 473.45 524.77 475.64 435.29 150.64 294.22 302.89 441.19 484.57 537.84 489.98 442.16 152.35 298.47 307.30 445.75 489.43 543.53 496.12
410 421.94 146.70 284.33 292.65 430.46 473.45 524.77 475.64 435.29 150.64 294.22 302.89 441.19 484.57 537.84 489.98 442.16 152.35 298.47 307.30 445.75 489.43 543.53 496.12
420 421.94 146.70 284.33 292.65 430.46 473.45 524.77 475.64 435.29 150.64 294.22 302.89 441.19 484.57 537.84 489.98 442.16 152.35 298.47 307.30 445.75 489.43 543.53 496.12
430 421.94 146.70 284.33 292.65 430.46 473.45 524.77 475.64 435.29 150.64 294.22 302.89 441.19 484.57 537.84 489.98 442.16 152.35 298.47 307.30 445.75 489.43 543.53 496.12
440 421.94 146.70 284.33 292.65 430.46 473.45 524.77 475.64 435.29 150.64 294.22 302.89 441.19 484.57 537.84 489.98 442.16 152.35 298.47 307.30 445.75 489.43 543.53 496.12
450 421.94 146.70 284.33 292.65 430.46 473.45 524.77 475.64 435.29 150.64 294.22 302.89 441.19 484.57 537.84 489.98 442.16 152.35 298.47 307.30 445.75 489.43 543.53 496.12
460 421.94 146.70 284.33 292.65 430.46 473.45 524.77 475.64 435.29 150.64 294.22 302.89 441.19 484.57 537.84 489.98 442.16 152.35 298.47 307.30 445.75 489.43 543.53 496.12
470 421.94 146.70 284.33 292.65 430.46 473.45 524.77 475.64 435.29 150.64 294.22 302.89 441.19 484.57 537.84 489.98 442.16 152.35 298.47 307.30 445.75 489.43 543.53 496.12
480 421.94 146.70 284.33 292.65 430.46 473.45 524.77 475.64 435.29 150.64 294.22 302.89 441.19 484.57 537.84 489.98 442.16 152.35 298.47 307.30 445.75 489.43 543.53 496.12
490 421.94 146.70 284.33 292.65 430.46 473.45 524.77 475.64 435.29 150.64 294.22 302.89 441.19 484.57 537.84 489.98 442.16 152.35 298.47 307.30 445.75 489.43 543.53 496.12
500 421.94 146.70 284.33 292.65 430.46 473.45 524.77 475.64 435.29 150.64 294.22 302.89 441.19 484.57 537.84 489.98 442.16 152.35 298.47 307.30 445.75 489.43 543.53 496.12
510 421.94 146.70 284.33 292.65 430.46 473.45 524.77 475.64 435.29 150.64 294.22 302.89 441.19 484.57 537.84 489.98 442.16 152.35 298.47 307.30 445.75 489.43 543.53 496.12
520 421.94 146.70 284.33 292.65 430.46 473.45 524.77 475.64 435.29 150.64 294.22 302.89 441.19 484.57 537.84 489.98 442.16 152.35 298.47 307.30 445.75 489.43 543.53 496.12
530 421.94 146.70 284.33 292.65 430.46 473.45 524.77 475.64 435.29 150.64 294.22 302.89 441.19 484.57 537.84 489.98 442.16 152.35 298.47 307.30 445.75 489.43 543.53 496.12
540 421.94 146.70 284.33 292.65 430.46 473.45 524.77 475.64 435.29 150.64 294.22 302.89 441.19 484.57 537.84 489.98 442.16 152.35 298.47 307.30 445.75 489.43 543.53 496.12
550 421.94 146.70 284.33 292.65 430.46 473.45 524.77 475.64 435.29 150.64 294.22 302.89 441.19 484.57 537.84 489.98 442.16 152.35 298.47 307.30 445.75 489.43 543.53 496.12
560 421.94 146.70 284.33 292.65 430.46 473.45 524.77 475.64 435.29 150.64 294.22 302.89 441.19 484.57 537.84 489.98 442.16 152.35 298.47 307.30 445.75 489.43 543.53 496.12
570 421.94 146.70 284.33 292.65 430.46 473.45 524.77 475.64 435.29 150.64 294.22 302.89 441.19 484.57 537.84 489.98 442.16 152.35 298.47 307.30 445.75 489.43 543.53 496.12
580 421.94 146.70 284.33 292.65 430.46 473.45 524.77 475.64 435.29 150.64 294.22 302.89 441.19 484.57 537.84 489.98 442.16 152.35 298.47 307.30 445.75 489.43 543.53 496.12
590 421.94 146.70 284.33 292.65 430.46 473.45 524.77 475.64 435.29 150.64 294.22 302.89 441.19 484.57 537.84 489.98 442.16 152.35 298.47 307.30 445.75 489.43 543.53 496.12
600 421.94 146.70 284.33 292.65 430.46 473.45 524.77 475.64 435.29 150.64 294.22 302.89 441.19 484.57 537.84 489.98 442.16 152.35 298.47 307.30 445.75 489.43 543.53 496.12
610 421.94 146.70 284.33 292.65 430.46 473.45 524.77 475.64 435.29 150.64 294.22 302.89 441.19 484.57 537.84 489.98 442.16 152.35 298.47 307.30 445.75 489.43 543.53 496.12
620 421.94 146.70 284.33 292.65 430.46 473.45 524.77 475.64 435.29 150.64 294.22 302.89 441.19 484.57 537.84 489.98 442.16 152.35 298.47 307.30 445.75 489.43 543.53 496.12
630 421.94 146.70 284.33 292.65 430.46 473.45 524.77 475.64 435.29 150.64 294.22 302.89 441.19 484.57 537.84 489.98 442.16 152.35 298.47 307.30 445.75 489.43 543.53 496.12
640 421.94 146.70 284.33 292.65 430.46 473.45 524.77 475.64 435.29 150.64 294.22 302.89 441.19 484.57 537.84 489.98 442.16 152.35 298.47 307.30 445.75 489.43 543.53 496.12
650 421.94 146.70 284.33 292.65 430.46 473.45 524.77 475.64 435.29 150.64 294.22 302.89 441.19 484.57 537.84 489.98 442.16 152.35 298.47 307.30 445.75 489.43 543.53 496.12
660 421.94 146.70 284.33 292.65 430.46 473.45 524.77 475.64 435.29 150.64 294.22 302.89 441.19 484.57 537.84 489.98 442.16 152.35 298.47 307.30 445.75 489.43 543.53 496.12
670 421.94 146.70 284.33 292.65 430.46 473.45 524.77 475.64 435.29 150.64 294.22 302.89 441.19 484.57 537.84 489.98 442.16 152.35 298.47 307.30 445.75 489.43 543.53 496.12
680 421.94 146.70 284.33 292.65 430.46 473.45 524.77 475.64 435.29 150.64 294.22 302.89 441.19 484.57 537.84 489.98 442.16 152.35 298.47 307.30 445.75 489.43 543.53 496.12
690 421.94 146.70 284.33 292.65 430.46 473.45 524.77 475.64 435.29 150.64 294.22 302.89 441.19 484.57 537.84 489.98 442.16 152.35 298.47 307.30 445.75 489.43 543.53 496.12
700 421.94 146.70 284.33 292.65 430.46 473.45 524.77 475.64 435.29 150.64 294.22 302.89 441.19 484.57 537.84 489.98 442.16 152.35 298.47 307.30 445.75 489.43 543.53 496.12
710 421.94 146.70 284.33 292.65 430.46 473.45 524.77 475.64 435.29 150.64 294.22 302.89 441.19 484.57 537.84 489.98 442.16 152.35 298.47 307.30 445.75 489.43 543.53 496.12
720 421.94 146.70 284.33 292.65 430.46 473.45 524.77 475.64 435.29 150.64 294.22 302.89 441.19 484.57 537.84 489.98 442.16 152.35 298.47 307.30 445.75 489.43 543.53 496.12
730 421.94 146.70 284.33 292.65 430.46 473.45 524.77 475.64 435.29 150.64 294.22 302.89 441.19 484.57 537.84 489.98 442.16 152.35 298.47 307.30 445.75 489.43 543.53 496.12
740 421.94 146.70 284.33 292.65 430.46 473.45 524.77 475.64 435.29 150.64 294.22 302.89 441.19 484.57 537.84 489.98 442.16 152.35 298.47 307.30 445.75 489.43 543.53 496.12
750 421.94 146.70 284.33 292.65 430.46 473.45 524.77 475.64 435.29 150.64 294.22 302.89 441.19 484.57 537.84 489.98 442.16 152.35 298.47 307.30 445.75 489.43 543.53 496.12
760 421.94 146.70 284.33 292.65 430.46 473.45 524.77 475.64 435.29 150.64 294.22 302.89 441.19 484.57 537.84 489.98 442.16 152.35 298.47 307.30 445.75 489.43 543.53 496.12
770 421.94 146.70 284.33 292.65 430.46 473.45 524.77 475.64 435.29 150.64 294.22 302.89 441.19 484.57 537.84 489.98 442.16 152.35 298.47 307.30 445.75 489.43 543.53 496.12
780 421.94 146.70 284.33 292.65 430.46 473.45 524.77 475.64 435.29 150.64 294.22 302.89 441.19 484.57 537.84 489.98 442.16 152.35 298.47 307.30 445.75 489.43 543.53 496.12
790 421.94 146.70 284.33 292.65 430.46 473.45 524.77 475.64 435.29 150.64 294.22 302.89 441.19 484.57 537.84 489.98 442.16 152.35 298.47 307.30 445.75 489.43 543.53 496.12
800 421.94 146.70 284.33 292.65 430.46 473.45 524.77 475.64 435.29 150.64 294.22 302.89 441.19 484.57 537.84 489.98 442.16 152.35 298.47 307.30 445.75 489.43 543.53 496.12
810 421.94 146.70 284.33 292.65 430.46 473.45 524.77 475.64 435.29 150.64 294.22 302.89 441.19 484.57 537.84 489.98 442.16 152.35 298.47 307.30 445.75 489.43 543.53 496.12
820 421.94 146.70 284.33 292.65 430.46 473.45 524.77 475.64 435.29 150.64 294.22 302.89 441.19 484.57 537.84 489.98 442.16 152.35 298.47 307.30 445.75 489.43 543.53 496.12
830 421.94 146.70 284.33 292.65 430.46 473.45 524.77 475.64 435.29 150.64 294.22 302.89 441.19 484.57 537.84 489.98 442.16 152.35 298.47 307.30 445.75 489.43 543.53 496.12
840 421.94 146.70 284.33 292.65 430.46 473.45 524.77 475.64 435.29 150.64 294.22 302.89 441.19 484.57 537.84 489.98 442.16 152.35 298.47 307.30 445.75 489.43 543.53 496.12
850 421.94 146.70 284.33 292.65 430.46 473.45 524.77 475.64 435.29 150.64 294.22 302.89 441.19 484.57 537.84 489.98 442.16 152.35 298.47 307.30 445.75 489.43 543.53 496.12
860 421.94 146.70 284.33 292.65 430.46 473.45 524.77 475.64 435.29 150.64 294.22 302.89 441.19 484.57 537.84 489.98 442.16 152.35 298.47 307.30 445.75 489.43 543.53 496.12
870 421.94 146.70 284.33 292.65 430.46 473.45 524.77 475.64 435.29 150.64 294.22 302.89 441.19 484.57 537.84 489.98 442.16 152.35 298.47 307.30 445.75 489.43 543.53 496.12
880 421.94 146.70 284.33 292.65 430.46 473.45 524.77 475.64 435.29 150.64 294.22 302.89 441.19 484.57 537.84 489.98 442.16 152.35 298.47 307.30 445.75 489.43 543.53 496.12
890 421.94 146.70 284.33 292.65 430.46 473.45 524.77 475.64 435.29 150.64 294.22 302.89 441.19 484.57 537.84 489.98 442.16 152.35 298.47 307.30 445.75 489.43 543.53 496.12
900 421.94 146.70 284.33 292.65 430.46 473.45 524.77 475.64 435.29 150.64 294.22 302.89 441.19 484.57 537.84 489.98 442.16 152.35 298.47 307.30 445.75 489.43 543.53 496.12
910 421.94 146.70 284.33 292.65 430.46 473.45 524.77 475.64 435.29 150.64 294.22 302.89 441.19 484.57 537.84 489.98 442.16 152.35 298.47 307.30 445.75 489.43 543.53 496.12
920 421.94 146.70 284.33 292.65 430.46 473.45 524.77 475.64 435.29 150.64 294.22 302.89 441.19 484.57 537.84 489.98 442.16 152.35 298.47 307.30 445.75 489.43 543.53 496.12
930 421.94 146.70 284.33 292.65 430.46 473.45 524.77 475.64 435.29 150.64 294.22 302.89 441.19 484.57 537.84 489.98 442.16 152.35 298.47 307.30 445.75 489.43 543.53 496.12
940 421.94 146.70 284.33 292.65 430.46 473.45 524.77 475.64 435.29 150.64 294.22 302.89 441.19 484.57 537.84 489.98 442.16 152.35 298.47 307.30 445.75 489.43 543.53 496.12
950 421.94 146.70 284.33 292.65 430.46 473.45 524.77 475.64 435.29 150.64 294.22 302.89 441.19 484.57 537.84 489.98 442.16 152.35 298.47 307.30 445.75 489.43 543.53 496.12
960 421.94 146.70 284.33 292.65 430.46 473.45 524.77 475.64 435.29 150.64 294.22 302.89 441.19 484.57 537.84 489.98 442.16 152.35 298.47 307.30 445.75 489.43 543.53 496.12
970 421.94 146.70 284.33 292.65 430.46 473.45 524.77 475.64 435.29 150.64 294.22 302.89 441.19 484.57 537.84 489.98 442.16 152.35 298.47 307.30 445.75 489.43 543.53 496.12
980 421.94 146.70 284.33 292.65 430.46 473.45 524.77 475.64 435.29 150.64 294.22 302.89 441.19 484.57 537.84 489.98 457.00 156.20 307.83 316.97 455.78 500.07 556.02 509.69
990 421.94 146.70 284.33 292.65 430.46 473.45 524.77 475.64 435.29 150.64 294.22 302.89 441.19 484.57 537.84 489.98 457.00 156.20 307.83 316.97 455.78 500.07 556.02 509.69
1000 421.94 146.70 284.33 292.65 430.46 473.45 524.77 475.64 435.29 150.64 294.22 302.89 441.19 484.57 537.84 489.98 457.00 156.20 307.83 316.97 455.78 500.07 556.02 509.69
1010 421.94 146.70 284.33 292.65 430.46 473.45 524.77 475.64 435.29 150.64 294.22 302.89 441.19 484.57 537.84 489.98 457.00 156.20 307.83 316.97 455.78 500.07 556.02 509.69
1020 421.94 146.70 284.33 292.65 430.46 473.45 524.77 475.64 435.29 150.64 294.22 302.89 441.19 484.57 537.84 489.98 457.00 156.20 307.83 316.97 455.78 500.07 556.02 509.69
1030 421.94 146.70 284.33 292.65 430.46 473.45 524.77 475.64 435.29 150.64 294.22 302.89 441.19 484.57 537.84 489.98 457.00 156.20 307.83 316.97 455.78 500.07 556.02 509.69
1040 421.94 146.70 284.33 292.65 430.46 473.45 524.77 475.64 435.29 150.64 294.22 302.89 441.19 484.57 537.84 489.98 457.00 156.20 307.83 316.97 455.78 500.07 556.02 509.69
1050 421.94 146.70 284.33 292.65 430.46 473.45 524.77 475.64 435.29 150.64 294.22 302.89 441.19 484.57 537.84 489.98 457.00 156.20 307.83 316.97 455.78 500.07 556.02 509.69
1060 421.94 146.70 284.33 292.65 430.46 473.45 524.77 475.64 435.29 150.64 294.22 302.89 441.19 484.57 537.84 489.98 457.00 156.20 307.83 316.97 455.78 500.07 556.02 509.69
1070 421.94 146.70 284.33 292.65 430.46 473.45 524.77 475.64 435.29 150.64 294.22 302.89 441.19 484.57 537.84 489.98 457.00 156.20 307.83 316.97 455.78 500.07 556.02 509.69
1080 421.94 146.70 284.33 292.65 430.46 473.45 524.77 475.64 435.29 150.64 294.22 302.89 441.19 484.57 537.84 489.98 457.00 156.20 307.83 316.97 455.78 500.07 556.02 509.69
1090 421.94 146.70 284.33 292.65 430.46 473.45 524.77 475.64 435.29 150.64 294.22 302.89 441.19 484.57 537.84 489.98 457.00 156.20 307.83 316.97 455.78 500.07 556.02 509.69
1100 421.94 146.70 284.33 292.65 430.46 473.45 524.77 475.64 435.29 150.64 294.22 302.89 441.19 484.57 537.84 489.98 457.00 156.20 307.83 316.97 455.78 500.07 556.02 509.69
1110 421.94 146.70 284.33 292.65 430.46 473.45 524.77 475.64 435.29 150.64 294.22 302.89 441.19 484.57 537.84 489.98 457.00 156.20 307.83 316.97 455.78 500.07 556.02 509.69
1120 421.94 146.70 284.33 292.65 430.46 473.45 524.77 475.64 435.29 150.64 294.22 302.89 441.19 484.57 537.84 489.98 457.00 156.20 307.83 316.97 455.78 500.07 556.02 509.69
1130 421.94 146.70 284.33 292.65 430.46 473.45 524.77 475.64 435.29 150.64 294.22 302.89 441.19 484.57 537.84 489.98 457.00 156.20 307.83 316.97 455.78 500.07 556.02 509.69
1140 421.94 146.70 284.33 292.65 430.46 473.45 524.77 475.64 435.29 150.64 294.22 302.89 441.19 484.57 537.84 489.98 457.00 156.20 307.83 316.97 455.78 500.07 556.02 509.69
1150 421.94 146.70 284.33 292.65 430.46 473.45 524.77 475.64 435.29 150.64 294.22 302.89 441.19 484.57 537.84 489.98 457.00 156.20 307.83 316.97 455.78 500.07 556.02 509.69
1160 421.94 146.70 284.33 292.65 430.46 473.45 524.77 475.64 435.29 150.64 294.22 302.89 441.19 484.57 537.84 489.98 457.00 156.20 307.83 316.97 455.78 500.07 556.02 509.69
1170 421.94 146.70 284.33 292.65 430.46 473.45 524.77 475.64 435.29 150.64 294.22 302.89 441.19 484.57 537.84 489.98 457.00 156.20 307.83 316.97 455.78 500.07 556.02 509.69
1180 421.94 146.70 284.33 292.65 430.46 473.45 524.77 475.64 435.29 150.64 294.22 302.89 441.19 484.57 537.84 489.98 457.00 156.20 307.83 316.97 455.78 500.07 556.02 509.69
1190 421.94 146.70 284.33 292.65 430.46 473.45 524.77 475.64 435.29 150.64 294.22 302.89 441.19 484.57 537.84 489.98 457.00 156.20 307.83 316.97 455.78 500.07 556.02 509.69
1200 421.94 146.70 284.33 292.65 430.46 473.45 524.77 475.64 435.29 150.64 294.22 302.89 441.19 484.57 537.84 489.98 457.00 156.20 307.83 316.97 455.78 500.07 556.02 509.69
1210 421.94 146.70 284.33 292.65 430.46 473.45 524.77 475.64 435.29 150.64 294.22 302.89 441.19 484.57 537.84 489.98 457.00 156.20 307.83 316.97 455.78 500.07 556.02 509.69
1220 421.94 146.70 284.33 292.65 430.46 473.45 524.77 475.64 435.29 150.64 294.22 302.89 441.19 484.57 537.84 489.98 457.00 156.20 307.83 316.97 455.78 500.07 556.02 509.69
1230 421.94 146.70 284.33 292.65 430.46 473.45 524.77 475.64 435.29 150.64 294.22 302.89 441.19 484.57 537.84 489.98 457.00 156.20 307.83 316.97 455.78 500.07 556.02 509.69
1240 421.94 146.70 284.33 292.65 430.46 473.45 524.77 475.64 435.29 150.64 294.22 302.89 441.19 484.57 537.84 489.98 457.00 156.20 307.83 316.97 455.78 500.07 556.02 509.69
1250 421.94 146.70 284.33 292.65 430.46 484.57 524.77 475.64 435.29 150.64 294.22 302.89 441.19 484.57 537.84 489.98 457.00 156.20 307.83 316.97 455.78 500.07 556.02 509.69
1260 435.29 150.64 294.22 302.89 441.19 484.57 537.84 489.98 435.29 150.64 294.22 302.89 441.19 484.57 537.84 489.98 457.00 156.20 307.83 316.97 455.78 500.07 556.02 509.69
1270 435.29 150.64 294.22 302.89 441.19 484.57 537.84 489.98 435.29 150.64 294.22 302.89 441.19 484.57 537.84 489.98 457.00 156.20 307.83 316.97 455.78 500.07 556.02 509.69
1280 435.29 150.64 294.22 302.89 441.19 484.57 537.84 489.98 435.29 150.64 294.22 302.89 441.19 484.57 537.84 489.98 457.00 156.20 307.83 316.97 455.78 500.07 556.02 509.69
1290 435.29 150.64 294.22 302.89 441.19 484.57 537.84 489.98 435.29 150.64 294.22 302.89 441.19 484.57 537.84 489.98 457.00 156.20 307.83 316.97 455.78 500.07 556.02 509.69
1300 435.29 150.64 294.22 302.89 441.19 484.57 537.84 489.98 435.29 150.64 294.22 302.89 441.19 484.57 537.84 489.98 457.00 156.20 307.83 316.97 455.78 500.07 556.02 509.69
1310 435.29 150.64 294.22 302.89 441.19 484.57 537.84 489.98 435.29 150.64 294.22 302.89 441.19 484.57 537.84 489.98 457.00 156.20 307.83 316.97 455.78 500.07 556.02 509.69
1320 435.29 150.64 294.22 302.89 441.19 484.57 537.84 489.98 435.29 150.64 294.22 302.89 441.19 484.57 537.84 489.98 457.00 156.20 307.83 316.97 455.78 500.07 556.02 509.69
1330 435.29 150.64 294.22 302.89 441.19 484.57 537.84 489.98 435.29 150.64 294.22 302.89 441.19 484.57 537.84 489.98 457.00 156.20 307.83 316.97 455.78 500.07 556.02 509.69
1340 435.29 150.64 294.22 302.89 441.19 484.57 537.84 489.98 435.29 150.64 294.22 302.89 441.19 484.57 537.84 489.98 457.00 156.20 307.83 316.97 455.78 500.07 556.02 509.69
1350 435.29 150.64 294.22 302.89 441.19 484.57 537.84 489.98 435.29 150.64 294.22 302.89 441.19 484.57 537.84 489.98 457.00 156.20 307.83 316.97 455.78 500.07 556.02 509.69
1360 435.29 150.64 294.22 302.89 441.19 484.57 537.84 489.98 435.29 150.64 294.22 302.89 441.19 484.57 537.84 489.98 457.00 156.20 307.83 316.97 455.78 500.07 556.02 509.69
1370 435.29 150.64 294.22 302.89 441.19 484.57 537.84 489.98 435.29 150.64 294.22 302.89 441.19 484.57 537.84 489.98 457.00 156.20 307.83 316.97 455.78 500.07 556.02 509.69
1380 435.29 150.64 294.22 302.89 441.19 484.57 537.84 489.98 435.29 150.64 294.22 302.89 441.19 484.57 537.84 489.98 457.00 156.20 307.83 316.97 455.78 500.07 556.02 509.69
1390 435.29 150.64 294.22 302.89 441.19 484.57 537.84 489.98 435.29 150.64 294.22 302.89 441.19 484.57 537.84 489.98 457.00 156.20 307.83 316.97 455.78 500.07 556.02 509.69
1400 435.29 150.64 294.22 302.89 441.19 484.57 537.84 489.98 435.29 150.64 294.22 302.89 441.19 484.57 537.84 489.98 457.00 156.20 307.83 316.97 455.78 500.07 556.02 509.69
1410 435.29 150.64 294.22 302.89 441.19 484.57 537.84 489.98 435.29 150.64 294.22 302.89 441.19 484.57 537.84 489.98 457.00 156.20 307.83 316.97 455.78 500.07 556.02 509.69
1420 435.29 150.64 294.22 302.89 441.19 484.57 537.84 489.98 435.29 150.64 294.22 302.89 441.19 484.57 537.84 489.98 457.00 156.20 307.83 316.97 455.78 500.07 556.02 509.69
1430 435.29 150.64 294.22 302.89 441.19 484.57 537.84 489.98 435.29 150.64 294.22 302.89 441.19 484.57 537.84 489.98 457.00 156.20 307.83 316.97 455.78 500.07 556.02 509.69
1440 435.29 150.64 294.22 302.89 441.19 484.57 537.84 489.98 435.29 150.64 294.22 302.89 441.19 484.57 537.84 489.98 457.00 156.20 307.83 316.97 455.78 500.07 556.02 509.69
1450 435.29 150.64 294.22 302.89 441.19 484.57 537.84 489.98 435.29 150.64 294.22 302.89 441.19 484.57 537.84 489.98 457.00 156.20 307.83 316.97 455.78 500.07 556.02 509.69
1460 435.29 150.64 294.22 302.89 441.19 484.57 537.84 489.98 435.29 150.64 294.22 302.89 441.19 484.57 537.84 489.98 457.00 156.20 307.83 316.97 455.78 500.07 556.02 509.69
1470 435.29 150.64 294.22 302.89 441.19 484.57 537.84 489.98 435.29 150.64 294.22 302.89 441.19 484.57 537.84 489.98 457.00 156.20 307.83 316.97 455.78 500.07 556.02 509.69
1480 435.29 150.64 294.22 302.89 441.19 484.57 537.84 489.98 435.29 150.64 294.22 302.89 441.19 484.57 537.84 489.98 457.00 156.20 307.83 316.97 455.78 500.07 556.02 509.69
1490 435.29 150.64 294.22 302.89 441.19 484.57 537.84 489.98 435.29 150.64 294.22 302.89 441.19 484.57 537.84 489.98 457.00 156.20 307.83 316.97 455.78 500.07 556.02 509.69
1500 435.29 150.64 294.22 302.89 441.19 484.57 537.84 489.98 435.29 150.64 294.22 302.89 441.19 484.57 537.84 489.98 457.00 156.20 307.83 316.97 455.78 500.07 556.02 509.69
1510 435.29 150.64 294.22 302.89 441.19 484.57 537.84 489.98 435.29 150.64 294.22 302.89 441.19 484.57 537.84 489.98 457.00 156.20 307.83 316.97 455.78 500.07 556.02 509.69
1520 435.29 150.64 294.22 302.89 441.19 484.57 537.84 489.98 435.29 150.64 294.22 302.89 441.19 484.57 537.84 489.98 457.00 156.20 307.83 316.97 455.78 500.07 556.02 509.69
1530 435.29 150.64 294.22 302.89 441.19 484.57 537.84 489.98 435.29 150.64 294.22 302.89 441.19 484.57 537.84 489.98 457.00 156.20 307.83 316.97 455.78 500.07 556.02 509.69
1540 435.29 150.64 294.22 302.89 441.19 484.57 537.84 489.98 435.29 150.64 294.22 302.89 441.19 484.57 537.84 489.98 457.00 156.20 307.83 316.97 455.78 500.07 556.02 509.69
1550 435.29 150.64 294.22 302.89 441.19 484.57 537.84 489.98 435.29 150.64 294.22 302.89 441.19 484.57 537.84 489.98 457.00 156.20 307.83 316.97 455.78 500.07 556.02 509.69
1560 435.29 150.64 294.22 302.89 441.19 484.57 537.84 489.98 435.29 150.64 294.22 302.89 441.19 484.57 537.84 489.98 457.00 156.20 307.83 316.97 455.78 500.07 556.02 509.69
1570 435.29 150.64 294.22 302.89 441.19 484.57 537.84 489.98 435.29 150.64 294.22 302.89 441.19 484.57 537.84 489.98 457.00 156.20 307.83 316.97 455.78 500.07 556.02 509.69
1580 435.29 150.64 294.22 302.89 441.19 484.57 537.84 489.98 435.29 150.64 294.22 302.89 441.19 484.57 537.84 489.98 457.00 156.20 307.83 316.97 455.78 500.07 556.02 509.69
1590 435.29 150.64 294.22 302.89 441.19 484.57 537.84 489.98 435.29 150.64 294.22 302.89 441.19 484.57 537.84 489.98 457.00 156.20 307.83 316.97 455.78 500.07 556.02 509.69
1600 435.29 150.64 294.22 302.89 441.19 484.57 537.84 489.98 435.29 150.64 294.22 302.89 441.19 484.57 537.84 489.98 457.00 156.20 307.83 316.97 455.78 500.07 556.02 509.69
1610 435.29 150.64 294.22 302.89 441.19 484.57 537.84 489.98 435.29 150.64 294.22 302.89 441.19 484.57 537.84 489.98 457.00 156.20 307.83 316.97 455.78 500.07 556.02 509.69
1620 435.29 150.64 294.22 302.89 441.19 484.57 537.84 489.98 435.29 150.64 294.22 302.89 441.19 484.57 537.84 489.98 457.00 156.20 307.83 316.97 455.78 500.07 556.02 509.69
1630 435.29 150.64 294.22 302.89 441.19 484.57 537.84 489.98 435.29 150.64 294.22 302.89 441.19 484.57 537.84 489.98 457.00 156.20 307.83 316.97 455.78 500.07 556.02 509.69
1640 435.29 150.64 294.22 302.89 441.19 484.57 537.84 489.98 435.29 150.64 294.22 302.89 441.19 484.57 537.84 489.98 457.00 156.20 307.83 316.97 455.78 500.07 556.02 509.69
1650 435.29 150.64 294.22 302.89 441.19 484.57 537.84 489.98 435.29 150.64 294.22 302.89 441.19 484.57 537.84 489.98 457.00 156.20 307.83 316.97 455.78 500.07 556.02 509.69
1660 435.29 150.64 294.22 302.89 441.19 484.57 537.84 489.98 435.29 150.64 294.22 302.89 441.19 484.57 537.84 489.98 457.00 156.20 307.83 316.97 455.78 500.07 556.02 509.69
1670 435.29 150.64 294.22 302.89 441.19 484.57 537.84 489.98 435.29 150.64 294.22 302.89 441.19 484.57 537.84 489.98 457.00 156.20 307.83 316.97 455.78 500.07 556.02 509.69
1680 435.29 150.64 294.22 302.89 441.19 484.57 537.84 489.98 435.29 150.64 294.22 302.89 441.19 484.57 537.84 489.98 457.00 156.20 307.83 316.97 455.78 500.07 556.02 509.69
1690 435.29 150.64 294.22 302.89 441.19 484.57 537.84 489.98 435.29 150.64 294.22 302.89 441.19 484.57 537.84 489.98 457.00 156.20 307.83 316.97 455.78 500.07 556.02 509.69
1700 435.29 150.64 294.22 302.89 441.19 484.57 537.84 489.98 435.29 150.64 294.22 302.89 441.19 484.57 537.84 489.98 457.00 156.20 307.83 316.97 455.78 500.07 556.02 509.69
1710 435.29 150.64 294.22 302.89 441.19 484.57 537.84 489.98 435.29 150.64 294.22 302.89 441.19 484.57 537.84 489.98 457.00 156.20 307.83 316.97 455.78 500.07 556.02 509.69
1720 435.29 150.64 294.22 302.89 441.19 484.57 537.84 489.98 435.29 150.64 294.22 302.89 441.19 484.57 537.84 489.98 457.00 156.20 307.83 316.97 455.78 500.07 556.02 509.69
1730 435.29 150.64 294.22 302.89 441.19 484.57 537.84 489.98 435.29 150.64 294.22 302.89 441.19 484.57 537.84 489.98 457.00 156.20 307.83 316.97 455.78 500.07 556.02 509.69
1740 435.29 150.64 294.22 302.89 441.19 484.57 537.84 489.98 435.29 150.64 294.22 302.89 441.19 484.57 537.84 489.98 457.00 156.20 307.83 316.97 455.78 500.07 556.02 509.69
1750 435.29 150.64 294.22 302.89 441.19 484.57 537.84 489.98 435.29 150.64 294.22 302.89 441.19 484.57 537.84 489.98 457.00 156.20 307.83 316.97 455.78 500.07 556.02 509.69
1760 435.29 150.64 294.22 302.89 441.19 484.57 537.84 489.98 435.29 150.64 294.22 302.89 441.19 484.57 537.84 489.98 457.00 156.20 307.83 316.97 455.78 500.07 556.02 509.69
1770 435.29 150.64 294.22 302.89 441.19 484.57 537.84 489.98 435.29 150.64 294.22 302.89 441.19 484.57 537.84 489.98 457.00 156.20 307.83 316.97 455.78 500.07 556.02 509.69
1780 435.29 150.64 294.22 302.89 441.19 484.57 537.84 489.98 435.29 150.64 294.22 302.89 441.19 484.57 537.84 489.98 457.00 156.20 307.83 316.97 455.78 500.07 556.02 509.69
1790 435.29 150.64 294.22 302.89 441.19 484.57 537.84 489.98 435.29 150.64 294.22 302.89 441.19 484.57 537.84 489.98 457.00 156.20 307.83 316.97 455.78 500.07 556.02 509.69
1800 435.29 150.64 294.22 302.89 441.19 484.57 537.84 489.98 435.29 150.64 294.22 302.89 441.19 484.57 537.84 489.98 457.00 156.20 307.83 316.97 455.78 500.07 556.02 509.69
1810 435.29 150.64 294.22 302.89 441.19 484.57 537.84 489.98 435.29 150.64 294.22 302.89 441.19 484.57 537.84 489.98 457.00 156.20 307.83 316.97 455.78 500.07 556.02 509.69
1820 435.29 150.64 294.22 302.89 441.19 484.57 537.84 489.98 435.29 150.64 294.22 302.89 441.19 484.57 537.84 489.98 457.00 156.20 307.83 316.97 455.78 500.07 556.02 509.69
1830 435.29 150.64 294.22 302.89 441.19 484.57 537.84 489.98 435.29 150.64 294.22 302.89 441.19 484.57 537.84 489.98 457.00 156.20 307.83 316.97 455.78 500.07 556.02 509.69
1840 435.29 150.64 294.22 302.89 441.19 484.57 537.84 489.98 435.29 150.64 294.22 302.89 441.19 484.57 537.84 489.98 457.00 156.20 307.83 316.97 455.78 500.07 556.02 509.69
1850 435.29 150.64 294.22 302.89 441.19 484.57 537.84 489.98 435.29 150.64 294.22 302.89 441.19 484.57 537.84 489.98 457.00 156.20 307.83 316.97 455.78 500.07 556.02 509.69
1860 435.29 150.64 294.22 302.89 441.19 484.57 537.84 489.98 435.29 150.64 294.22 302.89 441.19 484.57 537.84 489.98 457.00 156.20 307.83 316.97 455.78 500.07 556.02 509.69
1870 435.29 150.64 294.22 302.89 441.19 484.57 537.84 489.98 435.29 150.64 294.22 302.89 441.19 484.57 537.84 489.98 457.00 156.20 307.83 316.97 455.78 500.07 556.02 509.69
1880 435.29 150.64 294.22 302.89 441.19 484.57 537.84 489.98 435.29 150.64 294.22 302.89 441.19 484.57 537.84 489.98 457.00 156.20 307.83 316.97 455.78 500.07 556.02 509.69
1890 435.29 150.64 294.22 302.89 441.19 484.57 537.84 489.98 435.29 150.64 294.22 302.89 441.19 484.57 537.84 489.98 457.00 156.20 307.83 316.97 455.78 500.07 556.02 509.69
1900 435.29 150.64 294.22 302.89 441.19 484.57 537.84 489.98 435.29 150.64 294.22 302.89 441.19 484.57 537.84 489.98 457.00 156.20 307.83 316.97 455.78 500.07 556.02 509.69
1910 435.29 150.64 294.22 302.89 441.19 484.57 537.84 489.98 435.29 150.64 294.22 302.89 441.19 484.57 537.84 489.98 457.00 156.20 307.83 316.97 455.78 500.07 556.02 509.69
1920 435.29 150.64 294.22 302.89 441.19 484.57 537.84 489.98 435.29 150.64 294.22 302.89 441.19 484.57 537.84 489.98 457.00 156.20 307.83 316.97 455.78 500.07 556.02 509.69
1930 435.29 150.64 294.22 302.89 441.19 484.57 537.84 489.98 435.29 150.64 294.22 302.89 441.19 484.57 537.84 489.98 457.00 156.20 307.83 316.97 455.78 500.07 556.02 509.69
1940 435.29 150.64 294.22 302.89 441.19 484.57 537.84 489.98 435.29 150.64 294.22 302.89 441.19 484.57 537.84 489.98 457.00 156.20 307.83 316.97 455.78 500.07 556.02 509.69
1950 435.29 150.64 294.22 302.89 441.19 484.57 537.84 489.98 435.29 150.64 294.22 302.89 441.19 484.57 537.84 489.98 457.00 156.20 307.83 316.97 455.78 500.07 556.02 509.69
1960 435.29 150.64 294.22 302.89 441.19 484.57 537.84 489.98 435.29 150.64 294.22 302.89 441.19 484.57 537.84 489.98 457.00 156.20 307.83 316.97 455.78 500.07 556.02 509.69
1970 435.29 150.64 294.22 302.89 441.19 484.57 537.84 489.98 435.29 150.64 294.22 302.89 441.19 484.57 537.84 489.98 457.00 156.20 307.83 316.97 455.78 500.07 556.02 509.69
1980 435.29 150.64 294.22 302.89 441.19 484.57 537.84 489.98 435.29 150.64 294.22 302.89 441.19 484.57 537.84 489.98 457.00 156.20 307.83 316.97 455.78 500.07 556.02 509.69
1990 435.29 150.64 294.22 302.89 441.19 484.57 537.84 489.98 435.29 150.64 294.22 302.89 441.19 484.57 537.84 489.98 457.00 156.20 307.83 316.97 455.78 500.07 556.02 509.69
2000 435.29 150.64 294.22 302.89 441.19 484.57 537.84 489.98 435.29 150.64 294.22 302.89 441.19 484.57 537.84 489.98 457.00 156.20 307.83 316.97 455.78 500.07 556.02 509.69
2010 435.29 150.64 294.22 302.89 441.19 484.57 537.84 489.98 435.29 150.64 294.22 302.89 441.19 484.57 537.84 489.98 457.00 156.20 307.83 316.97 455.78 500.07 556.02 509.69
2020 435.29 150.64 294.22 302.89 441.19 484.57 537.84 489.98 435.29 150.64 294.22 302.89 441.19 484.57 537.84 489.98 457.00 156.20 307.83 316.97 455.78 500.07 556.02 509.69
2030 435.29 150.64 294.22 302.89 441.19 484.57 537.84 489.98 435.29 150.64 294.22 302.89 441.19 484.57 537.84 489.98 457.00 156.20 307.83 316.97 455.78 500.07 556.02 509.69
2040 435.29 150.64 294.22 302.89 441.19 484.57 537.84 489.98 435.29 150.64 294.22 302.89 441.19 484.57 537.84 489.98 457.00 156.20 307.83 316.97 455.78 500.07 556.02 509.69
2050 435.29 150.64 294.22 302.89 441.19 484.57 537.84 489.98 435.29 150.64 294.22 302.89 441.19 484.57 537.84 489.98 457.00 156.20 307.83 316.97 455.78 500.07 556.02 509.69
2060 435.29 150.64 294.22 302.89 441.19 484.57 537.84 489.98 435.29 150.64 294.22 302.89 441.19 484.57 537.84 489.98 457.00 156.20 307.83 316.97 455.78 500.07 556.02 509.69
2070 435.29 150.64 294.22 302.89 441.19 484.57 537.84 489.98 435.29 150.64 294.22 302.89 441.19 484.57 537.84 489.98 457.00 156.20 307.83 316.97 455.78 500.07 556.02 509.69
2080 435.29 150.64 294.22 302.89 441.19 484.57 537.84 489.98 435.29 150.64 294.22 302.89 441.19 484.57 537.84 489.98 457.00 156.20 307.83 316.97 455.78 500.07 556.02 509.69
2090 435.29 150.64 294.22 302.89 441.19 484.57 537.84 489.98 435.29 150.64 294.22 302.89 441.19 484.57 537.84 489.98 457.00 156.20 307.83 316.97 455.78 500.07 556.02 509.69
2100 435.29 150.64 294.22 302.89 441.19 484.57 537.84 489.98 435.29 150.64 294.22 302.89 441.19 484.57 537.84 489.98 457.00 156.20 307.83 316.97 455.78 500.07 556.02 509.69
2110 435.29 150.64 294.22 302.89 441.19 484.57 537.84 489.98 435.29 150.64 294.22 302.89 441.19 484.57 537.84 489.98 457.00 156.20 307.83 316.97 455.78 500.07 556.02 509.69
2120 435.29 150.64 294.22 302.89 441.19 484.57 537.84 489.98 435.29 150.64 294.22 302.89 441.19 484.57 537.84 489.98 457.00 156.20 307.83 316.97 455.78 500.07 556.02 509.69
2130 435.29 150.64 294.22 302.89 441.19 484.57 537.84 489.98 435.29 150.64 294.22 302.89 441.19 484.57 537.84 489.98 457.00 156.20 307.83 316.97 455.78 500.07 556.02 509.69
2140 435.29 150.64 294.22 302.89 441.19 484.57 537.84 489.98 435.29 150.64 294.22 302.89 441.19 484.57 537.84 489.98 457.00 156.20 307.83 316.97 455.78 500.07 556.02 509.69
2150 435.29 150.64 294.22 302.89 441.19 484.57 537.84 489.98 435.29 150.64 294.22 302.89 441.19 484.57 537.84 489.98 457.00 156.20 307.83 316.97 455.78 500.07 556.02 509.69
2160 435.29 150.64 294.22 302.89 441.19 484.57 537.84 489.98 435.29 150.64 294.22 302.89 441.19 484.57 537.84 489.98 457.00 156.20 307.83 316.97 455.78 500.07 556.02 509.69
2170 435.29 150.64 294.22 302.89 441.19 484.57 537.84 489.98 435.29 150.64 294.22 302.89 441.19 484.57 537.84 489.98 457.00 156.20 307.83 316.97 455.78 500.07 556.02 509.69
2180 435.29 150.64 294.22 302.89 441.19 484.57 537.84 489.98 435.29 150.64 294.22 302.89 441.19 484.57 537.84 489.98 457.00 156.20 307.83 316.97 455.78 500.07 556.02 509.69
2190 435.29 150.64 294.22 302.89 441.19 484.57 537.84 489.98 435.29 150.64 294.22 302.89 441.19 484.57 537.84 489.98 457.00 156.20 307.83 316.97 455.78 500.07 556.02 509.69
2200 435.29 150.64 294.22 302.89 441.19 484.57 537.84 489.98 435.29 150.64 294.22 302.89 441.19 484.57 537.84 489.98 457.00 156.20 307.83 316.97 455.78 500.07 556.02 509.69
2210 435.29 150.64 294.22 302.89 441.19 484.57 537.84 489.98 435.29 150.64 294.22 302.89 441.19 484.57 537.84 489.98 457.00 156.20 307.83 316.97 455.78 500.07 556.02 509.69
2220 435.29 150.64 294.22 302.89 441.19 484.57 537.84 489.98 435.29 150.64 294.22 302.89 441.19 484.57 537.84 489.98 457.00 156.20 307.83 316.97 455.78 500.07 556.02 509.69
2230 435.29 150.64 294.22 302.89 441.19 484.57 537.84 489.98 435.29 150.64 294.22 302.89 441.19 484.57 537.84 489.98 457.00 156.20 307.83 316.97 455.78 500.07 556.02 509.69
2240 435.29 150.64 294.22 302.89 441.19 484.57 537.84 489.98 435.29 150.64 294.22 302.89 441.19 484.57 537.84 489.98 457.00 156.20 307.83 316.97 455.78 500.07 556.02 509.69
2250 435.29 150.64 294.22 302.89 441.19 484.57 537.84 489.98 435.29 150.64 294.22 302.89 441.19 484.57 537.84 489.98 457.00 156.20 307.83 316.97 455.78 500.07 556.02 509.69
2260 435.29 150.64 294.22 302.89 441.19 484.57 537.84 489.98 435.29 150.64 294.22 302.89 441.19 484.57 537.84 489.98 457.00 156.20 307.83 316.97 455.78 500.07 556.02 509.69
2270 435.29 150.64 294.22 302.89 441.19 484.57 537.84 489.98 435.29 150.64 294.22 302.89 441.19 484.57 537.84 489.98 457.00 156.20 307.83 316.97 455.78 500.07 556.02 509.69
2280 435.29 150.64 294.22 302.89 441.19 484.57 537.84 489.98 435.29 150.64 294.22 302.89 441.19 484.57 537.84 489.98 457.00 156.20 307.83 316.97 455.78 500.07 556.02 509.69
2290 435.29 150.64 294.22 302.89 441.19 484.57 537.84 489.98 435.29 150.64 294.22 302.89 441.19 484.57 537.84 489.98 457.00 156.20 307.83 316.97 455.78 500.07 556.02 509.69
2300 435.29 150.64 294.22 302.89 441.19 484.57 537.84 489.98 435.29 150.64 294.22 302.89 441.19 484.57 537.84 489.98 457.00 156.20 307.83 316.97 455.78 500.07 556.02 509.69
2310 435.29 150.64 294.22 302.89 441.19 484.57 537.84 489.98 435.29 150.64 294.22 302.89 441.19 484.57 537.84 489.98 457.00 156.20 307.83 316.97 455.78 500.07 556.02 509.69
2320 435.29 150.64 294.22 302.89 441.19 484.57 537.84 489.98 435.29 150.64 294.22 302.89 441.19 484.57 537.84 489.98 457.00 156.20 307.83 316.97 455.78 500.07 556.02 509.69
2330 435.29 150.64 294.22 302.89 441.19 484.57 537.84 489.98 435.29 150.64 294.22 302.89 441.19 484.57 537.84 489.98 457.00 156.20 307.83 316.97 455.78 500.07 556.02 509.69
2340 435.29 150.64 294.22 302.89 441.19 484.57 537.84 489.98 435.29 150.64 294.22 302.89 441.19 484.57 537.84 489.98 457.00 156.20 307.83 316.97 455.78 500.07 556.02 509.69
2350 435.29 150.64 294.22 302.89 441.19 484.57 537.84 489.98 435.29 150.64 294.22 302.89 441.19 484.57 537.84 489.98 457.00 156.20 307.83 316.97 455.78 500.07 556.02 509.69
2360 435.29 150.64 294.22 302.89 441.19 484.57 537.84 489.98 435.29 150.64 294.22 302.89 441.19 484.57 537.84 489.98 457.00 156.20 307.83 316.97 455.78 500.07 556.02 509.69
2370 435.29 150.64 294.22 302.89 441.19 484.57 537.84 489.98 435.29 150.64 294.22 302.89 441.19 484.57 537.84 489.98 457.00 156.20 307.83 316.97 455.78 500.07 556.02 509.69
2380 435.29 150.64 294.22 302.89 441.19 484.57 537.84 489.98 435.29 150.64 294.22 302.89 441.19 484.57 537.84 489.98 457.00 156.20 307.83 316.97 455.78 500.07 556.02 509.69
2390 435.29 150.64 294.22 302.89 441.19 484.57 537.84 489.98 435.29 150.64 294.22 302.89 441.19 484.57 537.84 489.98 457.00 156.20 307.83 316.97 455.78 500.07 556.02 509.69
2400 435.29 150.64 294.22 302.89 441.19 484.57 537.84 489.98 435.29 150.64 294.22 302.89 441.19 484.57 537.84 489.98 457.00 156.20 307.83 316.97 455.78 500.07 556.02 509.69
2410 435.29 150.64 294.22 302.89 441.19 484.57 537.84 489.98 435.29 150.64 294.22 302.89 441.19 484.57 537.84 489.98 457.00 156.20 307.83 316.97 455.78 500.07 556.02 509.69
2420 435.29 150.64 294.22 302.89 441.19 484.57 537.84 489.98 435.29 150.64 294.22 302.89 441.19 484.57 537.84 489.98 457.00 156.20 307.83 316.97 455.78 500.07 556.02 509.69
2430 435.29 150.64 294.22 302.89 441.19 484.57 537.84 489.98 435.29 150.64 294.22 302.89 441.19 484.57 537.84 489.98 457.00 156.20 307.83 316.97 455.78 500.07 556.02 509.69
2440 435.29 150.64 294.22 302.89 441.19 484.57 537.84 489.98 435.29 150.64 294.22 302.89 441.19 484.57 537.84 489.98 457.00 156.20 307.83 316.97 455.78 500.07 556.02 509.69
2450 435.29 150.64 294.22 302.89 441.19 484.57 537.84 489.98 435.29 150.64 294.22 302.89 441.19 484.57 537.84 489.98 457.00 156.20 307.83 316.97 455.78 500.07 556.02 509.69
2460 435.29 150.64 294.22 302.89 441.19 484.57 537.84 489.98 435.29 150.64 294.22 302.89 441.19 484.57 537.84 489.98 457.00 156.20 307.83 316.97 455.78 500.07 556.02 509.69
2470 435.29 150.64 294.22 302.89 441.19 484.57 537.84 489.98 435.29 150.64 294.22 302.89 441.19 484.57 537.84 489.98 457.00 156.20 307.83 316.97 455.78 500.07 556.02 509.69
2480 435.29 150.64 294.22 302.89 441.19 484.57 537.84 489.98 435.29 150.64 294.22 302.89 441.19 484.57 537.84 489.98 457.00 156.20 307.83 316.97 455.78 500.07 556.02 509.69
2490 435.29 150.64 294.22 302.89 441.19 484.57 537.84 489.98 435.29 150.64 294.22 302.89 441.19 484.57 537.84 489.98 457.00 156.20 307.83 316.97 455.78 500.07 556.02 509.69
2500 435.29 150.64 294.22 302.89 441.19 484.57 537.84 489.98 435.29 150.64 294.22 302.89 441.19 484.57 537.84 489.98 457.00 156.20 307.83 316.97 455.78 500.07 556.02 509.69
2510 435.29 150.64 294.22 302.89 441.19 484.57 537.84 489.98 435.29 150.64 294.22 302.89 441.19 484.57 537.84 489.98 457.00 156.20 307.83 316.97 455.78 500.07 556.02 509.69
2520 435.29 150.64 294.22 302.89 441.19 484.57 537.84 489.98 435.29 150.64 294.22 302.89 441.19 484.57 537.84 489.98 457.00 156.20 307.83 316.97 455.78 500.07 556.02 509.69
2530 435.29 150.64 294.22 302.89 441.19 484.57 537.84 489.98 435.29 150.64 294.22 302.89 441.19 484.57 537.84 489.98 457.00 156.20 307.83 316.97 455.78 500.07 556.02 509.69
2540 435.29 150.64 294.22 302.89 441.19 484.57 537.84 489.98 435.29 150.64 294.22 302.89 441.19 484.57 537.84 489.98 457.00 156.20 307.83 316.97 455.78 500.07 556.02 509.69
2550 435.29 150.64 294.22 302.89 441.19 484.57 537.84 489.98 435.29 150.64 294.22 302.89 441.19 484.57 537.84 489.98 457.00 156.20 307.83 316.97 455.78 500.07 556.02 509.69
2560 435.29 150.64 294.22 302.89 441.19 484.57 537.84 489.98 435.29 150.64 294.22 302.89 441.19 484.57 537.84 489.98 457.00 156.20 307.83 316.97 455.78 500.07 556.02 509.69
2570 435.29 150.64 294.22 302.89 441.19 484.57 537.84 489.98 435.29 150.64 294.22 302.89 441.19 484.57 537.84 489.98 457.00 156.20 307.83 316.97 455.78 500.07 556.02 509.69
2580 435.29 150.64 294.22 302.89 441.19 484.57 537.84 489.98 435.29 150.64 294.22 302.89 441.19 484.57 537.84 489.98 457.00 156.20 307.83 316.97 455.78 500.07 556.02 509.69
2590 435.29 150.64 294.22 302.89 441.19 484.57 537.84 489.98 435.29 150.64 294.22 302.89 441.19 484.57 537.84 489.98 457.00 156.20 307.83 316.97 455.78 500.07 556.02 509.69
2600 435.29 150.64 294.22 302.89 441.19 484.57 537.84 489.98 435.29 150.64 294.22 302.89 441.19 484.57 537.84 489.98 457.00 156.20 307.83 316.97 455.78 500.07 556.02 509.69
2610 435.29 150.64 294.22 302.89 441.19 484.57 537.84 489.98 435.29 150.64 294.22 302.89 441.19 484.57 537.84 489.98 457.00 156.20 307.83 316.97 455.78 500.07 556.02 509.69
2620 435.29 150.64 294.22 302.89 441.19 484.57 537.84 489.98 435.29 150.64 294.22 302.89 441.19 484.57 537.84 489.98 457.00 156.20 307.83 316.97 455.78 500.07 556.02 509.69
2630 435.29 150.64 294.22 302.89 441.19 484.57 537.84 489.98 435.29 150.64 294.22 302.89 441.19 484.57 537.84 489.98 457.00 156.20 307.83 316.97 455.78 500.07 556.02 509.69
2640 435.29 150.64 294.22 302.89 441.19 484.57 537.84 489.98 435.29 150.64 294.22 302.89 441.19 484.57 537.84 489.98 457.00 156.20 307.83 316.97 455.78 500.07 556.02 509.69
2650 435.29 150.64 294.22 302.89 441.19 484.57 537.84 489.98 435.29 150.64 294.22 302.89 441.19 484.57 537.84 489.98 461.06 157.28 310.55 319.78 458.70 503.16 559.66 513.63
2660 435.29 150.64 294.22 302.89 441.19 484.57 537.84 489.98 435.29 150.64 294.22 302.89 441.19 484.57 537.84 489.98 461.06 157.28 310.55 319.78 458.70 503.16 559.66 513.63
2670 435.29 150.64 294.22 302.89 441.19 484.57 537.84 489.98 435.29 150.64 294.22 302.89 441.19 484.57 537.84 489.98 461.06 157.28 310.55 319.78 458.70 503.16 559.66 513.63
2680 435.29 150.64 294.22 302.89 441.19 484.57 537.84 489.98 435.29 150.64 294.22 302.89 441.19 484.57 537.84 489.98 461.06 157.28 310.55 319.78 458.70 503.16 559.66 513.63
2690 435.29 150.64 294.22 302.89 441.19 484.57 537.84 489.98 435.29 150.64 294.22 302.89 441.19 484.57 537.84 489.98 461.06 157.28 310.55 319.78 458.70 503.16 559.66 513.63
2700 435.29 150.64 294.22 302.89 441.19 484.57 537.84 489.98 435.29 150.64 294.22 302.89 441.19 484.57 537.84 489.98 461.06 157.28 310.55 319.78 458.70 503.16 559.66 513.63
2710 435.29 150.64 294.22 302.89 441.19 484.57 537.84 489.98 435.29 150.64 294.22 302.89 441.19 484.57 537.84 489.98 461.06 157.28 310.55 319.78 458.70 503.16 559.66 513.63
2720 435.29 150.64 294.22 302.89 441.19 484.57 537.84 489.98 435.29 150.64 294.22 302.89 441.19 484.57 537.84 489.98 461.06 157.28 310.55 319.78 458.70 503.16 559.66 513.63
2730 435.29 150.64 294.22 302.89 441.19 484.57 537.84 489.98 435.29 150.64 294.22 302.89 441.19 484.57 537.84 489.98 461.06 157.28 310.55 319.78 458.70 503.16 559.66 513.63
2740 435.29 150.64 294.22 302.89 441.19 484.57 537.84 489.98 435.29 150.64 294.22 302.89 441.19 484.57 537.84 489.98 461.06 157.28 310.55 319.78 458.70 503.16 559.66 513.63
2750 435.29 150.64 294.22 302.89 441.19 484.57 537.84 489.98 435.29 150.64 294.22 302.89 441.19 484.57 537.84 489.98 461.06 157.28 310.55 319.78 458.70 503.16 559.66 513.63
2760 435.29 150.64 294.22 302.89 441.19 484.57 537.84 489.98 435.29 150.64 294.22 302.89 441.19 484.57 537.84 489.98 461.06 157.28 310.55 319.78 458.70 503.16 559.66 513.63
2770 435.29 150.64 294.22 302.89 441.19 484.57 537.84 489.98 435.29 150.64 294.22 302.89 441.19 484.57 537.84 489.98 461.06 157.28 310.55 319.78 458.70 503.16 559.66 513.63
2780 435.29 150.64 294.22 302.89 441.19 484.57 537.84 489.98 435.29 150.64 294.22 302.89 441.19 484.57 537.84 489.98 461.06 157.28 310.55 319.78 458.70 503.16 559.66 513.63
2790 435.29 150.64 294.22 302.89 441.19 484.57 537.84 489.98 435.29 150.64 294.22 302.89 441.19 484.57 537.84 489.98 461.06 157.28 310.55 319.78 458.70 503.16 559.66 513.63
2800 435.29 150.64 294.22 302.89 441.19 484.57 537.84 489.98 435.29 150.64 294.22 302.89 441.19 484.57 537.84 489.98 461.06 157.28 310.55 319.78 458.70 503.16 559.66 513.63
2810 435.29 150.64 294.22 302.89 441.19 484.57 537.84 489.98 435.29 150.64 294.22 302.89 441.19 484.57 537.84 489.98 461.06 157.28 310.55 319.78 458.70 503.16 559.66 513.63
2820 435.29 150.64 294.22 302.89 441.19 484.57 537.84 489.98 435.29 150.64 294.22 302.89 441.19 484.57 537.84 489.98 461.06 157.28 310.55 319.78 458.70 503.16 559.66 513.63
2830 435.29 150.64 294.22 302.89 441.19 484.57 537.84 489.98 435.29 150.64 294.22 302.89 441.19 484.57 537.84 489.98 461.06 157.28 310.55 319.78 458.70 503.16 559.66 513.63
2840 435.29 150.64 294.22 302.89 441.19 484.57 537.84 489.98 435.29 150.64 294.22 302.89 441.19 484.57 537.84 489.98 461.06 157.28 310.55 319.78 458.70 503.16 559.66 513.63
2850 435.29 150.64 294.22 302.89 441.19 484.57 537.84 489.98 435.29 150.64 294.22 302.89 441.19 484.57 537.84 489.98 461.06 157.28 310.55 319.78 458.70 503.16 559.66 513.63
2860 435.29 150.64 294.22 302.89 441.19 484.57 537.84 489.98 435.29 150.64 294.22 302.89 441.19 484.57 537.84 489.98 461.06 157.28 310.55 319.78 458.70 503.16 559.66 513.63
2870 435.29 150.64 294.22 302.89 441.19 484.57 537.84 489.98 442.16 152.35 298.47 307.30 445.75 489.43 543.53 496.12 461.06 157.28 310.55 319.78 458.70 503.16 559.66 513.63
2880 435.29 150.64 294.22 302.89 441.19 484.57 537.84 489.98 442.16 152.35 298.47 307.30 445.75 489.43 543.53 496.12 461.06 157.28 310.55 319.78 458.70 503.16 559.66 513.63
2890 435.29 150.64 294.22 302.89 441.19 484.57 537.84 489.98 442.16 152.35 298.47 307.30 445.75 489.43 543.53 496.12 461.06 157.28 310.55 319.78 458.70 503.16 559.66 513.63
2900 435.29 150.64 294.22 302.89 441.19 484.57 537.84 489.98 442.16 152.35 298.47 307.30 445.75 489.43 543.53 496.12 461.06 157.28 310.55 319.78 458.70 503.16 559.66 513.63
2910 435.29 150.64 294.22 302.89 441.19 484.57 537.84 489.98 442.16 152.35 298.47 307.30 445.75 489.43 543.53 496.12 461.06 157.28 310.55 319.78 458.70 503.16 559.66 513.63
2920 435.29 150.64 294.22 302.89 441.19 484.57 537.84 489.98 442.16 152.35 298.47 307.30 445.75 489.43 543.53 496.12 461.06 157.28 310.55 319.78 458.70 503.16 559.66 513.63
2930 435.29 150.64 294.22 302.89 441.19 484.57 537.84 489.98 442.16 152.35 298.47 307.30 445.75 489.43 543.53 496.12 461.06 157.28 310.55 319.78 458.70 503.16 559.66 513.63
2940 435.29 150.64 294.22 302.89 441.19 484.57 537.84 489.98 442.16 152.35 298.47 307.30 445.75 489.43 543.53 496.12 461.06 157.28 310.55 319.78 458.70 503.16 559.66 513.63
2950 435.29 150.64 294.22 302.89 441.19 484.57 537.84 489.98 442.16 152.35 298.47 307.30 445.75 489.43 543.53 496.12 461.06 157.28 310.55 319.78 458.70 503.16 559.66 513.63
2960 435.29 150.64 294.22 302.89 441.19 484.57 537.84 489.98 442.16 152.35 298.47 307.30 445.75 489.43 543.53 496.12 461.06 157.28 310.55 319.78 458.70 503.16 559.66 513.63
2970 435.29 150.64 294.22 302.89 441.19 484.57 537.84 489.98 442.16 152.35 298.47 307.30 445.75 489.43 543.53 496.12 461.06 157.28 310.55 319.78 458.70 503.16 559.66 513.63
2980 435.29 150.64 294.22 302.89 441.19 484.57 537.84 489.98 442.16 152.35 298.47 307.30 445.75 489.43 543.53 496.12 461.06 157.28 310.55 319.78 458.70 503.16 559.66 513.63
2990 435.29 150.64 294.22 302.89 441.19 484.57 537.84 489.98 442.16 152.35 298.47 307.30 445.75 489.43 543.53 496.12 461.06 157.28 310.55 319.78 458.70 503.16 559.66 513.63
3000 435.29 150.64 294.22 302.89 441.19 484.57 537.84 489.98 442.16 152.35 298.47 307.30 445.75 489.43 543.53 496.12 461.06 157.28 310.55 319.78 458.70 503.16 559.66 513.63
3010 435.29 150.64 294.22 302.89 441.19 484.57 537.84 489.98 442.16 152.35 298.47 307.30 445.75 489.43 543.53 496.12 461.06 157.28 310.55 319.78 458.70 503.16 559.66 513.63
3020 435.29 150.64 294.22 302.89 441.19 484.57 537.84 489.98 442.16 152.35 298.47 307.30 445.75 489.43 543.53 496.12 461.06 157.28 310.55 319.78 458.70 503.16 559.66 513.63
3030 435.29 150.64 294.22 302.89 441.19 484.57 537.84 489.98 442.16 152.35 298.47 307.30 445.75 489.43 543.53 496.12 461.06 157.28 310.55 319.78 458.70 503.16 559.66 513.63
3040 435.29 150.64 294.22 302.89 441.19 484.57 537.84 489.98 442.16 152.35 298.47 307.30 445.75 489.43 543.53 496.12 461.06 157.28 310.55 319.78 458.70 503.16 559.66 513.63
3050 435.29 150.64 294.22 302.89 441.19 484.57 537.84 489.98 442.16 152.35 298.47 307.30 445.75 489.43 543.53 496.12 461.06 157.28 310.55 319.78 458.70 503.16 559.66 513.63
3060 435.29 150.64 294.22 302.89 441.19 484.57 537.84 489.98 442.16 152.35 298.47 307.30 445.75 489.43 543.53 496.12 461.06 157.28 310.55 319.78 458.70 503.16 559.66 513.63
3070 435.29 150.64 294.22 302.89 441.19 484.57 537.84 489.98 442.16 152.35 298.47 307.30 445.75 489.43 543.53 496.12 461.06 157.28 310.55 319.78 458.70 503.16 559.66 513.63
3080 435.29 150.64 294.22 302.89 441.19 484.57 537.84 489.98 442.16 152.35 298.47 307.30 445.75 489.43 543.53 496.12 461.06 157.28 310.55 319.78 458.70 503.16 559.66 513.63
3090 435.29 150.64 294.22 302.89 441.19 484.57 537.84 489.98 442.16 152.35 298.47 307.30 445.75 489.43 543.53 496.12 461.06 157.28 310.55 319.78 458.70 503.16 559.66 513.63
3100 435.29 150.64 294.22 302.89 441.19 484.57 537.84 489.98 442.16 152.35 298.47 307.30 445.75 489.43 543.53 496.12 461.06 157.28 310.55 319.78 458.70 503.16 559.66 513.63
3110 435.29 150.64 294.22 302.89 441.19 484.57 537.84 489.98 442.16 152.35 298.47 307.30 445.75 489.43 543.53 496.12 461.06 157.28 310.55 319.78 458.70 503.16 559.66 513.63
3120 435.29 150.64 294.22 302.89 441.19 484.57 537.84 489.98 442.16 152.35 298.47 307.30 445.75 489.43 543.53 496.12 461.06 157.28 310.55 319.78 458.70 503.16 559.66 513.63
3130 435.29 150.64 294.22 302.89 441.19 484.57 537.84 489.98 442.16 152.35 298.47 307.30 445.75 489.43 543.53 496.12 461.06 157.28 310.55 319.78 458.70 503.16 559.66 513.63
3140 435.29 150.64 294.22 302.89 441.19 484.57 537.84 489.98 442.16 152.35 298.47 307.30 445.75 489.43 543.53 496.12 461.06 157.28 310.55 319.78 458.70 503.16 559.66 513.63
3150 435.29 150.64 294.22 302.89 441.19 484.57 537.84 489.98 442.16 152.35 298.47 307.30 445.75 489.43 543.53 496.12 461.06 157.28 310.55 319.78 458.70 503.16 559.66 513.63
3160 435.29 150.64 294.22 302.89 441.19 484.57 537.84 489.98 442.16 152.35 298.47 307.30 445.75 489.43 543.53 496.12 461.06 157.28 310.55 319.78 458.70 503.16 559.66 513.63
