###############################################################
# Settings:
# de.lmu.ifi.dbs.elki.workflow.InputStep
# -db StaticArrayDatabase
# 
# de.lmu.ifi.dbs.elki.database.StaticArrayDatabase
# -dbc FileBasedDatabaseConnection
# 
# de.lmu.ifi.dbs.elki.datasource.FileBasedDatabaseConnection
# -dbc.in /Users/BOX/Desktop/OS/Zproj/zAnalysis/Analysis_2/cluster/hd/Loads.csv
# -dbc.parser DoubleVectorLabelParser
# 
# de.lmu.ifi.dbs.elki.datasource.parser.DoubleVectorLabelParser
# -parser.colsep \s+
# -parser.quote "
# -parser.labelIndices [unset]
# 
# de.lmu.ifi.dbs.elki.datasource.FileBasedDatabaseConnection
# -dbc.filter [unset]
# 
# de.lmu.ifi.dbs.elki.database.StaticArrayDatabase
# -db.index [unset]
# 
# de.lmu.ifi.dbs.elki.workflow.AlgorithmStep
# -algorithm clustering.KMeans
# 
# de.lmu.ifi.dbs.elki.algorithm.clustering.KMeans
# -algorithm.distancefunction EuclideanDistanceFunction
# -kmeans.k 8
# -kmeans.maxiter 0
# -kmeans.seed [unset]
# 
# de.lmu.ifi.dbs.elki.workflow.EvaluationStep
# -evaluator [unset]
###############################################################
# Cluster: Cluster 5
# Serialization class: de.lmu.ifi.dbs.elki.data.model.MeanModel
# Cluster Mean: 65.49253731343283 66.65671641791045
ID=47 66.0 67.0 (1,1380)
ID=48 65.0 66.0 (1,1410)
ID=49 65.0 66.0 (1,1440)
ID=50 66.0 67.0 (1,1470)
ID=51 66.0 66.0 (1,1500)
ID=52 65.0 67.0 (1,1530)
ID=53 65.0 67.0 (1,1560)
ID=54 66.0 67.0 (1,1590)
ID=55 66.0 67.0 (1,1620)
ID=57 65.0 66.0 (1,1680)
ID=58 66.0 65.0 (1,1710)
ID=59 66.0 66.0 (1,1740)
ID=60 66.0 66.0 (1,1770)
ID=63 66.0 66.0 (1,1860)
ID=65 66.0 65.0 (1,1920)
ID=67 66.0 65.0 (1,1980)
ID=73 66.0 66.0 (1,2160)
ID=74 66.0 66.0 (1,2190)
ID=75 66.0 65.0 (1,2220)
ID=76 65.0 68.0 (1,2250)
ID=77 65.0 67.0 (1,2280)
ID=78 66.0 65.0 (1,2310)
ID=79 66.0 65.0 (1,2340)
ID=82 65.0 67.0 (1,2430)
ID=83 65.0 67.0 (1,2460)
ID=84 65.0 67.0 (1,2490)
ID=85 65.0 66.0 (1,2520)
ID=86 66.0 66.0 (1,2550)
ID=87 66.0 66.0 (1,2580)
ID=91 66.0 68.0 (1,2700)
ID=92 66.0 66.0 (1,2730)
ID=97 66.0 65.0 (1,2880)
ID=107 66.0 67.0 (2,0)
ID=108 66.0 67.0 (2,30)
ID=109 65.0 68.0 (2,60)
ID=110 65.0 67.0 (2,90)
ID=111 65.0 68.0 (2,120)
ID=112 65.0 67.0 (2,150)
ID=113 65.0 67.0 (2,180)
ID=114 66.0 68.0 (2,210)
ID=115 66.0 68.0 (2,240)
ID=116 66.0 67.0 (2,270)
ID=117 66.0 68.0 (2,300)
ID=118 65.0 66.0 (2,330)
ID=120 66.0 65.0 (2,390)
ID=121 66.0 65.0 (2,420)
ID=122 66.0 67.0 (2,450)
ID=123 66.0 67.0 (2,480)
ID=124 66.0 68.0 (2,510)
ID=125 66.0 68.0 (2,540)
ID=126 66.0 68.0 (2,570)
ID=127 66.0 68.0 (2,600)
ID=128 66.0 68.0 (2,630)
ID=129 66.0 68.0 (2,660)
ID=130 66.0 67.0 (2,690)
ID=131 66.0 65.0 (2,720)
ID=132 66.0 65.0 (2,750)
ID=138 65.0 66.0 (2,930)
ID=140 65.0 66.0 (2,990)
ID=141 65.0 66.0 (2,1020)
ID=142 65.0 66.0 (2,1050)
ID=143 65.0 67.0 (2,1080)
ID=144 65.0 67.0 (2,1110)
ID=145 65.0 66.0 (2,1140)
ID=146 66.0 66.0 (2,1170)
ID=147 66.0 65.0 (2,1200)
ID=148 66.0 65.0 (2,1230)
ID=149 66.0 65.0 (2,1260)
ID=150 67.0 66.0 (2,1290)
ID=153 66.0 65.0 (2,1380)
ID=154 66.0 65.0 (2,1410)
ID=156 66.0 65.0 (2,1470)
ID=157 66.0 65.0 (2,1500)
ID=158 66.0 66.0 (2,1530)
ID=159 65.0 66.0 (2,1560)
ID=160 65.0 66.0 (2,1590)
ID=163 66.0 68.0 (2,1680)
ID=164 66.0 68.0 (2,1710)
ID=165 65.0 67.0 (2,1740)
ID=166 65.0 68.0 (2,1770)
ID=167 65.0 67.0 (2,1800)
ID=168 65.0 67.0 (2,1830)
ID=169 66.0 68.0 (2,1860)
ID=170 66.0 68.0 (2,1890)
ID=171 66.0 68.0 (2,1920)
ID=172 66.0 67.0 (2,1950)
ID=173 66.0 67.0 (2,1980)
ID=186 66.0 68.0 (2,2370)
ID=187 66.0 67.0 (2,2400)
ID=188 66.0 68.0 (2,2430)
ID=190 66.0 67.0 (2,2490)
ID=191 66.0 68.0 (2,2520)
ID=192 66.0 66.0 (2,2550)
ID=193 65.0 66.0 (2,2580)
ID=195 65.0 66.0 (2,2640)
ID=196 65.0 66.0 (2,2670)
ID=197 65.0 66.0 (2,2700)
ID=198 65.0 68.0 (2,2730)
ID=204 66.0 66.0 (2,2910)
ID=205 66.0 66.0 (2,2940)
ID=208 67.0 66.0 (2,3030)
ID=211 66.0 68.0 (2,3120)
ID=212 66.0 66.0 (2,3150)
ID=216 65.0 67.0 (3,90)
ID=217 65.0 66.0 (3,120)
ID=218 65.0 66.0 (3,150)
ID=219 65.0 67.0 (3,180)
ID=220 66.0 67.0 (3,210)
ID=221 66.0 68.0 (3,240)
ID=222 66.0 67.0 (3,270)
ID=223 65.0 67.0 (3,300)
ID=224 65.0 68.0 (3,330)
ID=225 65.0 68.0 (3,360)
ID=226 65.0 67.0 (3,390)
ID=227 65.0 67.0 (3,420)
ID=228 65.0 67.0 (3,450)
ID=229 66.0 68.0 (3,480)
ID=230 66.0 67.0 (3,510)
ID=231 66.0 65.0 (3,540)
ID=232 66.0 65.0 (3,570)
ID=233 66.0 65.0 (3,600)
ID=245 64.0 67.0 (3,960)
ID=246 64.0 68.0 (3,990)
ID=256 64.0 67.0 (3,1290)
ID=260 65.0 67.0 (3,1410)
ID=261 64.0 67.0 (3,1440)
ID=262 64.0 67.0 (3,1470)
ID=264 64.0 67.0 (3,1530)
ID=265 64.0 67.0 (3,1560)
ID=272 64.0 68.0 (3,1770)
ID=274 64.0 68.0 (3,1830)
ID=275 64.0 67.0 (3,1860)
ID=276 64.0 67.0 (3,1890)
ID=277 64.0 67.0 (3,1920)
###############################################################
