###############################################################
# Settings:
# de.lmu.ifi.dbs.elki.workflow.InputStep
# -db StaticArrayDatabase
# 
# de.lmu.ifi.dbs.elki.database.StaticArrayDatabase
# -dbc FileBasedDatabaseConnection
# 
# de.lmu.ifi.dbs.elki.datasource.FileBasedDatabaseConnection
# -dbc.in /Users/BOX/Desktop/OS/Zproj/zAnalysis/Analysis_2/cluster/hd/Loads.csv
# -dbc.parser DoubleVectorLabelParser
# 
# de.lmu.ifi.dbs.elki.datasource.parser.DoubleVectorLabelParser
# -parser.colsep \s+
# -parser.quote "
# -parser.labelIndices [unset]
# 
# de.lmu.ifi.dbs.elki.datasource.FileBasedDatabaseConnection
# -dbc.filter [unset]
# 
# de.lmu.ifi.dbs.elki.database.StaticArrayDatabase
# -db.index [unset]
# 
# de.lmu.ifi.dbs.elki.workflow.AlgorithmStep
# -algorithm clustering.KMeans
# 
# de.lmu.ifi.dbs.elki.algorithm.clustering.KMeans
# -algorithm.distancefunction EuclideanDistanceFunction
# -kmeans.k 4
# -kmeans.maxiter 0
# -kmeans.seed [unset]
# 
# de.lmu.ifi.dbs.elki.workflow.EvaluationStep
# -evaluator [unset]
###############################################################
# Cluster: Cluster 2
# Serialization class: de.lmu.ifi.dbs.elki.data.model.MeanModel
# Cluster Mean: 65.80740740740741 67.53333333333333
ID=15 68.0 66.0 (1,420)
ID=16 68.0 67.0 (1,450)
ID=17 68.0 67.0 (1,480)
ID=18 67.0 67.0 (1,510)
ID=19 67.0 68.0 (1,540)
ID=20 67.0 69.0 (1,570)
ID=21 67.0 68.0 (1,600)
ID=22 68.0 68.0 (1,630)
ID=23 68.0 68.0 (1,660)
ID=24 68.0 68.0 (1,690)
ID=46 67.0 67.0 (1,1350)
ID=47 66.0 67.0 (1,1380)
ID=50 66.0 67.0 (1,1470)
ID=51 66.0 66.0 (1,1500)
ID=52 65.0 67.0 (1,1530)
ID=53 65.0 67.0 (1,1560)
ID=54 66.0 67.0 (1,1590)
ID=55 66.0 67.0 (1,1620)
ID=59 66.0 66.0 (1,1740)
ID=60 66.0 66.0 (1,1770)
ID=61 66.0 69.0 (1,1800)
ID=62 66.0 69.0 (1,1830)
ID=63 66.0 66.0 (1,1860)
ID=73 66.0 66.0 (1,2160)
ID=74 66.0 66.0 (1,2190)
ID=76 65.0 68.0 (1,2250)
ID=77 65.0 67.0 (1,2280)
ID=82 65.0 67.0 (1,2430)
ID=83 65.0 67.0 (1,2460)
ID=84 65.0 67.0 (1,2490)
ID=86 66.0 66.0 (1,2550)
ID=87 66.0 66.0 (1,2580)
ID=88 66.0 69.0 (1,2610)
ID=89 66.0 69.0 (1,2640)
ID=90 66.0 69.0 (1,2670)
ID=91 66.0 68.0 (1,2700)
ID=92 66.0 66.0 (1,2730)
ID=98 66.0 69.0 (1,2910)
ID=99 67.0 69.0 (1,2940)
ID=100 67.0 68.0 (1,2970)
ID=101 68.0 67.0 (1,3000)
ID=102 68.0 68.0 (1,3030)
ID=105 67.0 68.0 (1,3120)
ID=106 67.0 69.0 (1,3150)
ID=107 66.0 67.0 (2,0)
ID=108 66.0 67.0 (2,30)
ID=109 65.0 68.0 (2,60)
ID=110 65.0 67.0 (2,90)
ID=111 65.0 68.0 (2,120)
ID=112 65.0 67.0 (2,150)
ID=113 65.0 67.0 (2,180)
ID=114 66.0 68.0 (2,210)
ID=115 66.0 68.0 (2,240)
ID=116 66.0 67.0 (2,270)
ID=117 66.0 68.0 (2,300)
ID=122 66.0 67.0 (2,450)
ID=123 66.0 67.0 (2,480)
ID=124 66.0 68.0 (2,510)
ID=125 66.0 68.0 (2,540)
ID=126 66.0 68.0 (2,570)
ID=127 66.0 68.0 (2,600)
ID=128 66.0 68.0 (2,630)
ID=129 66.0 68.0 (2,660)
ID=130 66.0 67.0 (2,690)
ID=143 65.0 67.0 (2,1080)
ID=144 65.0 67.0 (2,1110)
ID=146 66.0 66.0 (2,1170)
ID=150 67.0 66.0 (2,1290)
ID=151 67.0 67.0 (2,1320)
ID=152 67.0 67.0 (2,1350)
ID=158 66.0 66.0 (2,1530)
ID=163 66.0 68.0 (2,1680)
ID=164 66.0 68.0 (2,1710)
ID=165 65.0 67.0 (2,1740)
ID=166 65.0 68.0 (2,1770)
ID=167 65.0 67.0 (2,1800)
ID=168 65.0 67.0 (2,1830)
ID=169 66.0 68.0 (2,1860)
ID=170 66.0 68.0 (2,1890)
ID=171 66.0 68.0 (2,1920)
ID=172 66.0 67.0 (2,1950)
ID=173 66.0 67.0 (2,1980)
ID=174 66.0 69.0 (2,2010)
ID=175 67.0 68.0 (2,2040)
ID=176 67.0 69.0 (2,2070)
ID=182 66.0 69.0 (2,2250)
ID=183 66.0 69.0 (2,2280)
ID=184 67.0 69.0 (2,2310)
ID=185 67.0 68.0 (2,2340)
ID=186 66.0 68.0 (2,2370)
ID=187 66.0 67.0 (2,2400)
ID=188 66.0 68.0 (2,2430)
ID=189 66.0 69.0 (2,2460)
ID=190 66.0 67.0 (2,2490)
ID=191 66.0 68.0 (2,2520)
ID=192 66.0 66.0 (2,2550)
ID=198 65.0 68.0 (2,2730)
ID=199 65.0 71.0 (2,2760)
ID=200 65.0 71.0 (2,2790)
ID=202 66.0 70.0 (2,2850)
ID=203 66.0 69.0 (2,2880)
ID=204 66.0 66.0 (2,2910)
ID=205 66.0 66.0 (2,2940)
ID=208 67.0 66.0 (2,3030)
ID=211 66.0 68.0 (2,3120)
ID=212 66.0 66.0 (2,3150)
ID=216 65.0 67.0 (3,90)
ID=219 65.0 67.0 (3,180)
ID=220 66.0 67.0 (3,210)
ID=221 66.0 68.0 (3,240)
ID=222 66.0 67.0 (3,270)
ID=223 65.0 67.0 (3,300)
ID=224 65.0 68.0 (3,330)
ID=225 65.0 68.0 (3,360)
ID=226 65.0 67.0 (3,390)
ID=227 65.0 67.0 (3,420)
ID=228 65.0 67.0 (3,450)
ID=229 66.0 68.0 (3,480)
ID=230 66.0 67.0 (3,510)
ID=245 64.0 67.0 (3,960)
ID=246 64.0 68.0 (3,990)
ID=256 64.0 67.0 (3,1290)
ID=260 65.0 67.0 (3,1410)
ID=261 64.0 67.0 (3,1440)
ID=262 64.0 67.0 (3,1470)
ID=264 64.0 67.0 (3,1530)
ID=265 64.0 67.0 (3,1560)
ID=270 64.0 69.0 (3,1710)
ID=271 65.0 69.0 (3,1740)
ID=272 64.0 68.0 (3,1770)
ID=273 64.0 69.0 (3,1800)
ID=274 64.0 68.0 (3,1830)
ID=275 64.0 67.0 (3,1860)
ID=276 64.0 67.0 (3,1890)
ID=277 64.0 67.0 (3,1920)
###############################################################
