###############################################################
# Settings:
# de.lmu.ifi.dbs.elki.workflow.InputStep
# -db StaticArrayDatabase
# 
# de.lmu.ifi.dbs.elki.database.StaticArrayDatabase
# -dbc FileBasedDatabaseConnection
# 
# de.lmu.ifi.dbs.elki.datasource.FileBasedDatabaseConnection
# -dbc.in /Users/BOX/Desktop/OS/Zproj/zAnalysis/Analysis_2/cluster/hd/Loads.csv
# -dbc.parser DoubleVectorLabelParser
# 
# de.lmu.ifi.dbs.elki.datasource.parser.DoubleVectorLabelParser
# -parser.colsep \s+
# -parser.quote "
# -parser.labelIndices [unset]
# 
# de.lmu.ifi.dbs.elki.datasource.FileBasedDatabaseConnection
# -dbc.filter [unset]
# 
# de.lmu.ifi.dbs.elki.database.StaticArrayDatabase
# -db.index [unset]
# 
# de.lmu.ifi.dbs.elki.workflow.AlgorithmStep
# -algorithm clustering.KMeans
# 
# de.lmu.ifi.dbs.elki.algorithm.clustering.KMeans
# -algorithm.distancefunction EuclideanDistanceFunction
# -kmeans.k 4
# -kmeans.maxiter 0
# -kmeans.seed [unset]
# 
# de.lmu.ifi.dbs.elki.workflow.EvaluationStep
# -evaluator [unset]
###############################################################
# Cluster: Cluster 0
# Serialization class: de.lmu.ifi.dbs.elki.data.model.MeanModel
# Cluster Mean: 64.39855072463769 64.61594202898551
ID=48 65.0 66.0 (1,1410)
ID=49 65.0 66.0 (1,1440)
ID=56 65.0 65.0 (1,1650)
ID=57 65.0 66.0 (1,1680)
ID=58 66.0 65.0 (1,1710)
ID=64 66.0 64.0 (1,1890)
ID=65 66.0 65.0 (1,1920)
ID=66 66.0 64.0 (1,1950)
ID=67 66.0 65.0 (1,1980)
ID=68 66.0 64.0 (1,2010)
ID=69 65.0 65.0 (1,2040)
ID=70 65.0 64.0 (1,2070)
ID=71 65.0 65.0 (1,2100)
ID=72 65.0 64.0 (1,2130)
ID=75 66.0 65.0 (1,2220)
ID=78 66.0 65.0 (1,2310)
ID=79 66.0 65.0 (1,2340)
ID=80 65.0 65.0 (1,2370)
ID=81 65.0 65.0 (1,2400)
ID=85 65.0 66.0 (1,2520)
ID=93 65.0 64.0 (1,2760)
ID=94 65.0 61.0 (1,2790)
ID=95 66.0 62.0 (1,2820)
ID=96 66.0 64.0 (1,2850)
ID=97 66.0 65.0 (1,2880)
ID=118 65.0 66.0 (2,330)
ID=119 65.0 65.0 (2,360)
ID=120 66.0 65.0 (2,390)
ID=121 66.0 65.0 (2,420)
ID=131 66.0 65.0 (2,720)
ID=132 66.0 65.0 (2,750)
ID=133 65.0 64.0 (2,780)
ID=134 65.0 64.0 (2,810)
ID=135 64.0 64.0 (2,840)
ID=136 64.0 65.0 (2,870)
ID=137 65.0 65.0 (2,900)
ID=138 65.0 66.0 (2,930)
ID=139 65.0 65.0 (2,960)
ID=140 65.0 66.0 (2,990)
ID=141 65.0 66.0 (2,1020)
ID=142 65.0 66.0 (2,1050)
ID=145 65.0 66.0 (2,1140)
ID=147 66.0 65.0 (2,1200)
ID=148 66.0 65.0 (2,1230)
ID=149 66.0 65.0 (2,1260)
ID=153 66.0 65.0 (2,1380)
ID=154 66.0 65.0 (2,1410)
ID=155 66.0 64.0 (2,1440)
ID=156 66.0 65.0 (2,1470)
ID=157 66.0 65.0 (2,1500)
ID=159 65.0 66.0 (2,1560)
ID=160 65.0 66.0 (2,1590)
ID=161 65.0 64.0 (2,1620)
ID=162 65.0 64.0 (2,1650)
ID=193 65.0 66.0 (2,2580)
ID=194 65.0 64.0 (2,2610)
ID=195 65.0 66.0 (2,2640)
ID=196 65.0 66.0 (2,2670)
ID=197 65.0 66.0 (2,2700)
ID=206 67.0 64.0 (2,2970)
ID=207 67.0 64.0 (2,3000)
ID=213 65.0 65.0 (3,0)
ID=214 65.0 65.0 (3,30)
ID=215 65.0 65.0 (3,60)
ID=217 65.0 66.0 (3,120)
ID=218 65.0 66.0 (3,150)
ID=231 66.0 65.0 (3,540)
ID=232 66.0 65.0 (3,570)
ID=233 66.0 65.0 (3,600)
ID=234 66.0 63.0 (3,630)
ID=235 66.0 63.0 (3,660)
ID=236 66.0 63.0 (3,690)
ID=237 65.0 63.0 (3,720)
ID=238 65.0 63.0 (3,750)
ID=239 64.0 64.0 (3,780)
ID=240 64.0 65.0 (3,810)
ID=241 64.0 64.0 (3,840)
ID=242 63.0 64.0 (3,870)
ID=243 63.0 64.0 (3,900)
ID=244 64.0 64.0 (3,930)
ID=247 64.0 66.0 (3,1020)
ID=248 63.0 65.0 (3,1050)
ID=249 63.0 65.0 (3,1080)
ID=250 63.0 64.0 (3,1110)
ID=251 63.0 64.0 (3,1140)
ID=252 63.0 66.0 (3,1170)
ID=253 63.0 64.0 (3,1200)
ID=254 64.0 65.0 (3,1230)
ID=255 64.0 64.0 (3,1260)
ID=257 64.0 66.0 (3,1320)
ID=258 64.0 66.0 (3,1350)
ID=259 65.0 64.0 (3,1380)
ID=263 64.0 66.0 (3,1500)
ID=266 64.0 65.0 (3,1590)
ID=267 64.0 66.0 (3,1620)
ID=268 64.0 65.0 (3,1650)
ID=269 64.0 66.0 (3,1680)
ID=278 64.0 66.0 (3,1950)
ID=279 64.0 66.0 (3,1980)
ID=280 64.0 64.0 (3,2010)
ID=281 64.0 64.0 (3,2040)
ID=282 64.0 64.0 (3,2070)
ID=283 64.0 62.0 (3,2100)
ID=284 64.0 64.0 (3,2130)
ID=285 64.0 64.0 (3,2160)
ID=286 63.0 64.0 (3,2190)
ID=287 63.0 64.0 (3,2220)
ID=288 63.0 64.0 (3,2250)
ID=289 62.0 64.0 (3,2280)
ID=290 62.0 64.0 (3,2310)
ID=291 61.0 64.0 (3,2340)
ID=292 61.0 64.0 (3,2370)
ID=293 62.0 61.0 (3,2400)
ID=294 62.0 62.0 (3,2430)
ID=295 62.0 64.0 (3,2460)
ID=296 62.0 64.0 (3,2490)
ID=297 62.0 65.0 (3,2520)
ID=298 62.0 65.0 (3,2550)
ID=299 63.0 65.0 (3,2580)
ID=300 63.0 65.0 (3,2610)
ID=301 63.0 66.0 (3,2640)
ID=302 63.0 65.0 (3,2670)
ID=303 63.0 62.0 (3,2700)
ID=304 63.0 63.0 (3,2730)
ID=305 62.0 62.0 (3,2760)
ID=306 63.0 64.0 (3,2790)
ID=307 63.0 67.0 (3,2820)
ID=308 63.0 67.0 (3,2850)
ID=309 63.0 65.0 (3,2880)
ID=310 63.0 65.0 (3,2910)
ID=311 63.0 66.0 (3,2940)
ID=312 64.0 66.0 (3,2970)
ID=313 64.0 66.0 (3,3000)
ID=314 63.0 64.0 (3,3030)
ID=315 63.0 64.0 (3,3060)
ID=316 63.0 62.0 (3,3090)
ID=317 63.0 62.0 (3,3120)
ID=318 63.0 61.0 (3,3150)
###############################################################
