###############################################################
# Settings:
# de.lmu.ifi.dbs.elki.workflow.InputStep
# -db StaticArrayDatabase
# 
# de.lmu.ifi.dbs.elki.database.StaticArrayDatabase
# -dbc FileBasedDatabaseConnection
# 
# de.lmu.ifi.dbs.elki.datasource.FileBasedDatabaseConnection
# -dbc.in /Users/BOX/Desktop/OS/Zproj/zAnalysis/Analysis_2/cluster/hd/Loads.csv
# -dbc.parser DoubleVectorLabelParser
# 
# de.lmu.ifi.dbs.elki.datasource.parser.DoubleVectorLabelParser
# -parser.colsep \s+
# -parser.quote "
# -parser.labelIndices [unset]
# 
# de.lmu.ifi.dbs.elki.datasource.FileBasedDatabaseConnection
# -dbc.filter [unset]
# 
# de.lmu.ifi.dbs.elki.database.StaticArrayDatabase
# -db.index [unset]
# 
# de.lmu.ifi.dbs.elki.workflow.AlgorithmStep
# -algorithm clustering.KMeans
# 
# de.lmu.ifi.dbs.elki.algorithm.clustering.KMeans
# -algorithm.distancefunction EuclideanDistanceFunction
# -kmeans.k 6
# -kmeans.maxiter 0
# -kmeans.seed [unset]
# 
# de.lmu.ifi.dbs.elki.workflow.EvaluationStep
# -evaluator [unset]
###############################################################
# Cluster: Cluster 0
# Serialization class: de.lmu.ifi.dbs.elki.data.model.MeanModel
# Cluster Mean: 65.31386861313868 66.06569343065694
ID=15 68.0 66.0 (1,420)
ID=47 66.0 67.0 (1,1380)
ID=48 65.0 66.0 (1,1410)
ID=49 65.0 66.0 (1,1440)
ID=50 66.0 67.0 (1,1470)
ID=51 66.0 66.0 (1,1500)
ID=52 65.0 67.0 (1,1530)
ID=53 65.0 67.0 (1,1560)
ID=54 66.0 67.0 (1,1590)
ID=55 66.0 67.0 (1,1620)
ID=56 65.0 65.0 (1,1650)
ID=57 65.0 66.0 (1,1680)
ID=58 66.0 65.0 (1,1710)
ID=59 66.0 66.0 (1,1740)
ID=60 66.0 66.0 (1,1770)
ID=63 66.0 66.0 (1,1860)
ID=64 66.0 64.0 (1,1890)
ID=65 66.0 65.0 (1,1920)
ID=66 66.0 64.0 (1,1950)
ID=67 66.0 65.0 (1,1980)
ID=68 66.0 64.0 (1,2010)
ID=69 65.0 65.0 (1,2040)
ID=71 65.0 65.0 (1,2100)
ID=73 66.0 66.0 (1,2160)
ID=74 66.0 66.0 (1,2190)
ID=75 66.0 65.0 (1,2220)
ID=77 65.0 67.0 (1,2280)
ID=78 66.0 65.0 (1,2310)
ID=79 66.0 65.0 (1,2340)
ID=80 65.0 65.0 (1,2370)
ID=81 65.0 65.0 (1,2400)
ID=82 65.0 67.0 (1,2430)
ID=83 65.0 67.0 (1,2460)
ID=84 65.0 67.0 (1,2490)
ID=85 65.0 66.0 (1,2520)
ID=86 66.0 66.0 (1,2550)
ID=87 66.0 66.0 (1,2580)
ID=92 66.0 66.0 (1,2730)
ID=96 66.0 64.0 (1,2850)
ID=97 66.0 65.0 (1,2880)
ID=107 66.0 67.0 (2,0)
ID=108 66.0 67.0 (2,30)
ID=110 65.0 67.0 (2,90)
ID=112 65.0 67.0 (2,150)
ID=113 65.0 67.0 (2,180)
ID=116 66.0 67.0 (2,270)
ID=118 65.0 66.0 (2,330)
ID=119 65.0 65.0 (2,360)
ID=120 66.0 65.0 (2,390)
ID=121 66.0 65.0 (2,420)
ID=122 66.0 67.0 (2,450)
ID=123 66.0 67.0 (2,480)
ID=130 66.0 67.0 (2,690)
ID=131 66.0 65.0 (2,720)
ID=132 66.0 65.0 (2,750)
ID=137 65.0 65.0 (2,900)
ID=138 65.0 66.0 (2,930)
ID=139 65.0 65.0 (2,960)
ID=140 65.0 66.0 (2,990)
ID=141 65.0 66.0 (2,1020)
ID=142 65.0 66.0 (2,1050)
ID=143 65.0 67.0 (2,1080)
ID=144 65.0 67.0 (2,1110)
ID=145 65.0 66.0 (2,1140)
ID=146 66.0 66.0 (2,1170)
ID=147 66.0 65.0 (2,1200)
ID=148 66.0 65.0 (2,1230)
ID=149 66.0 65.0 (2,1260)
ID=150 67.0 66.0 (2,1290)
ID=153 66.0 65.0 (2,1380)
ID=154 66.0 65.0 (2,1410)
ID=155 66.0 64.0 (2,1440)
ID=156 66.0 65.0 (2,1470)
ID=157 66.0 65.0 (2,1500)
ID=158 66.0 66.0 (2,1530)
ID=159 65.0 66.0 (2,1560)
ID=160 65.0 66.0 (2,1590)
ID=165 65.0 67.0 (2,1740)
ID=167 65.0 67.0 (2,1800)
ID=168 65.0 67.0 (2,1830)
ID=172 66.0 67.0 (2,1950)
ID=173 66.0 67.0 (2,1980)
ID=187 66.0 67.0 (2,2400)
ID=190 66.0 67.0 (2,2490)
ID=192 66.0 66.0 (2,2550)
ID=193 65.0 66.0 (2,2580)
ID=195 65.0 66.0 (2,2640)
ID=196 65.0 66.0 (2,2670)
ID=197 65.0 66.0 (2,2700)
ID=204 66.0 66.0 (2,2910)
ID=205 66.0 66.0 (2,2940)
ID=206 67.0 64.0 (2,2970)
ID=207 67.0 64.0 (2,3000)
ID=208 67.0 66.0 (2,3030)
ID=212 66.0 66.0 (2,3150)
ID=213 65.0 65.0 (3,0)
ID=214 65.0 65.0 (3,30)
ID=215 65.0 65.0 (3,60)
ID=216 65.0 67.0 (3,90)
ID=217 65.0 66.0 (3,120)
ID=218 65.0 66.0 (3,150)
ID=219 65.0 67.0 (3,180)
ID=220 66.0 67.0 (3,210)
ID=222 66.0 67.0 (3,270)
ID=223 65.0 67.0 (3,300)
ID=226 65.0 67.0 (3,390)
ID=227 65.0 67.0 (3,420)
ID=228 65.0 67.0 (3,450)
ID=230 66.0 67.0 (3,510)
ID=231 66.0 65.0 (3,540)
ID=232 66.0 65.0 (3,570)
ID=233 66.0 65.0 (3,600)
ID=245 64.0 67.0 (3,960)
ID=246 64.0 68.0 (3,990)
ID=247 64.0 66.0 (3,1020)
ID=256 64.0 67.0 (3,1290)
ID=257 64.0 66.0 (3,1320)
ID=258 64.0 66.0 (3,1350)
ID=260 65.0 67.0 (3,1410)
ID=261 64.0 67.0 (3,1440)
ID=262 64.0 67.0 (3,1470)
ID=263 64.0 66.0 (3,1500)
ID=264 64.0 67.0 (3,1530)
ID=265 64.0 67.0 (3,1560)
ID=267 64.0 66.0 (3,1620)
ID=269 64.0 66.0 (3,1680)
ID=272 64.0 68.0 (3,1770)
ID=274 64.0 68.0 (3,1830)
ID=275 64.0 67.0 (3,1860)
ID=276 64.0 67.0 (3,1890)
ID=277 64.0 67.0 (3,1920)
ID=278 64.0 66.0 (3,1950)
ID=279 64.0 66.0 (3,1980)
ID=307 63.0 67.0 (3,2820)
ID=308 63.0 67.0 (3,2850)
ID=312 64.0 66.0 (3,2970)
ID=313 64.0 66.0 (3,3000)
###############################################################
