###############################################################
# Settings:
# de.lmu.ifi.dbs.elki.workflow.InputStep
# -db StaticArrayDatabase
# 
# de.lmu.ifi.dbs.elki.database.StaticArrayDatabase
# -dbc FileBasedDatabaseConnection
# 
# de.lmu.ifi.dbs.elki.datasource.FileBasedDatabaseConnection
# -dbc.in /Users/BOX/Desktop/OS/proj/z/Analysis_2/cluster/hd/KW.csv
# -dbc.parser DoubleVectorLabelParser
# 
# de.lmu.ifi.dbs.elki.datasource.parser.DoubleVectorLabelParser
# -parser.colsep \s+
# -parser.quote "
# -parser.labelIndices [unset]
# 
# de.lmu.ifi.dbs.elki.datasource.FileBasedDatabaseConnection
# -dbc.filter [unset]
# 
# de.lmu.ifi.dbs.elki.database.StaticArrayDatabase
# -db.index [unset]
# 
# de.lmu.ifi.dbs.elki.workflow.AlgorithmStep
# -algorithm clustering.EM
# 
# de.lmu.ifi.dbs.elki.algorithm.clustering.EM
# -em.k 3
# -em.delta 0.0
# -em.seed [unset]
# 
# de.lmu.ifi.dbs.elki.workflow.EvaluationStep
# -evaluator [unset]
###############################################################
# Cluster: Cluster 1
# Serialization class: de.lmu.ifi.dbs.elki.data.model.EMModel
# Cluster Mean: 159.52503283146584 204.0785646377303
# Mean: 159.52503283146584 204.0785646377303
# Covariance Matrix: [
#  [ 5.76081740,  5.68414838 ]
#  [ 5.68414838, 37.53148530 ]
# ]
ID=275 158.96 209.83 (3,1860)
ID=274 158.96 215.39 (3,1830)
ID=273 158.96 211.42 (3,1800)
ID=272 158.96 205.06 (3,1770)
ID=279 158.96 208.24 (3,1980)
ID=278 158.96 208.24 (3,1950)
ID=277 158.96 209.83 (3,1920)
ID=276 158.96 212.21 (3,1890)
ID=283 158.96 196.32 (3,2100)
ID=282 158.96 194.73 (3,2070)
ID=281 158.96 201.88 (3,2040)
ID=280 158.96 201.88 (3,2010)
ID=287 158.96 198.7 (3,2220)
ID=286 158.96 199.5 (3,2190)
ID=285 158.96 199.5 (3,2160)
ID=284 158.96 189.96 (3,2130)
ID=258 158.96 197.91 (3,1350)
ID=259 158.96 201.88 (3,1380)
ID=256 158.96 195.52 (3,1290)
ID=257 158.96 194.73 (3,1320)
ID=262 158.96 203.47 (3,1470)
ID=263 158.96 209.03 (3,1500)
ID=260 158.96 212.21 (3,1410)
ID=261 158.96 212.21 (3,1440)
ID=266 158.96 205.06 (3,1590)
ID=267 158.96 208.24 (3,1620)
ID=264 158.96 200.29 (3,1530)
ID=265 158.96 201.88 (3,1560)
ID=270 158.96 207.44 (3,1710)
ID=271 158.96 216.19 (3,1740)
ID=268 158.96 210.62 (3,1650)
ID=269 158.96 205.85 (3,1680)
ID=305 153.99 190.75 (3,2760)
ID=304 153.99 198.7 (3,2730)
ID=307 156.48 211.42 (3,2820)
ID=306 156.48 201.09 (3,2790)
ID=309 156.48 213.8 (3,2880)
ID=308 156.48 213.01 (3,2850)
ID=311 156.48 203.47 (3,2940)
ID=310 156.48 208.24 (3,2910)
ID=313 156.48 208.24 (3,3000)
ID=312 156.48 208.24 (3,2970)
ID=315 156.48 201.88 (3,3060)
ID=314 156.48 201.88 (3,3030)
ID=317 156.48 188.37 (3,3120)
ID=316 156.48 195.52 (3,3090)
ID=318 156.48 190.75 (3,3150)
ID=288 156.48 198.7 (3,2250)
ID=51 161.44 208.24 (1,1500)
ID=289 156.48 197.91 (3,2280)
ID=50 161.44 207.44 (1,1470)
ID=290 156.48 199.5 (3,2310)
ID=291 156.48 203.47 (3,2340)
ID=292 156.48 202.67 (3,2370)
ID=55 161.44 207.44 (1,1620)
ID=293 156.48 192.34 (3,2400)
ID=54 161.44 209.03 (1,1590)
ID=294 156.48 195.52 (3,2430)
ID=53 161.44 206.65 (1,1560)
ID=295 156.48 201.88 (3,2460)
ID=52 161.44 201.88 (1,1530)
ID=296 156.48 201.88 (3,2490)
ID=297 153.99 203.47 (3,2520)
ID=58 161.44 201.88 (1,1710)
ID=298 153.99 203.47 (3,2550)
ID=57 161.44 208.24 (1,1680)
ID=299 153.99 198.7 (3,2580)
ID=56 161.44 206.65 (1,1650)
ID=300 153.99 198.7 (3,2610)
ID=301 153.99 197.91 (3,2640)
ID=302 153.99 189.96 (3,2670)
ID=303 153.99 190.75 (3,2700)
ID=69 161.44 205.06 (1,2040)
ID=70 161.44 202.67 (1,2070)
ID=71 161.44 205.06 (1,2100)
ID=76 161.44 209.83 (1,2250)
ID=77 161.44 208.24 (1,2280)
ID=78 161.44 209.83 (1,2310)
ID=79 161.44 199.5 (1,2340)
ID=72 161.44 203.47 (1,2130)
ID=73 161.44 203.47 (1,2160)
ID=74 161.44 203.47 (1,2190)
ID=75 161.44 209.03 (1,2220)
ID=110 161.44 205.06 (2,90)
ID=111 161.44 208.24 (2,120)
ID=119 161.44 205.85 (2,360)
ID=118 161.44 209.03 (2,330)
ID=117 161.44 211.42 (2,300)
ID=116 161.44 204.26 (2,270)
ID=115 161.44 214.6 (2,240)
ID=114 161.44 214.6 (2,210)
ID=113 161.44 213.01 (2,180)
ID=112 161.44 213.01 (2,150)
ID=141 161.44 206.65 (2,1020)
ID=140 161.44 209.03 (2,990)
ID=143 161.44 208.24 (2,1080)
ID=142 161.44 201.09 (2,1050)
ID=144 161.44 212.21 (2,1110)
ID=145 161.44 200.29 (2,1140)
ID=146 161.44 207.44 (2,1170)
ID=147 161.44 198.7 (2,1200)
ID=148 161.44 202.67 (2,1230)
ID=149 161.44 203.47 (2,1260)
ID=220 161.44 205.85 (3,210)
ID=221 161.44 208.24 (3,240)
ID=222 161.44 212.21 (3,270)
ID=223 161.44 204.26 (3,300)
ID=216 161.44 204.26 (3,90)
ID=217 161.44 207.44 (3,120)
ID=218 161.44 200.29 (3,150)
ID=219 161.44 204.26 (3,180)
ID=239 161.44 194.73 (3,780)
ID=238 161.44 198.7 (3,750)
ID=237 161.44 193.14 (3,720)
ID=236 161.44 193.14 (3,690)
ID=235 161.44 195.52 (3,660)
ID=234 161.44 195.52 (3,630)
ID=233 161.44 209.03 (3,600)
ID=232 161.44 209.03 (3,570)
ID=231 161.44 209.03 (3,540)
ID=230 161.44 208.24 (3,510)
ID=229 161.44 205.06 (3,480)
ID=228 161.44 209.03 (3,450)
ID=227 161.44 205.06 (3,420)
ID=226 161.44 205.06 (3,390)
ID=225 161.44 209.03 (3,360)
ID=224 161.44 206.65 (3,330)
ID=254 158.96 197.91 (3,1230)
ID=255 158.96 197.91 (3,1260)
ID=252 158.96 201.09 (3,1170)
ID=253 158.96 195.52 (3,1200)
ID=250 158.96 198.7 (3,1110)
ID=251 158.96 205.85 (3,1140)
ID=248 158.96 199.5 (3,1050)
ID=249 158.96 199.5 (3,1080)
ID=246 158.96 213.01 (3,990)
ID=247 158.96 208.24 (3,1020)
ID=244 161.44 202.67 (3,930)
ID=245 161.44 213.8 (3,960)
ID=242 161.44 201.88 (3,870)
ID=243 161.44 202.67 (3,900)
ID=240 161.44 205.06 (3,810)
ID=241 161.44 203.47 (3,840)
###############################################################
